1000 5000
312 689 13
734 681 25
125 912 7
360 106 18
866 846 21
648 668 3
47 283 16
269 297 4
651 262 10
414 342 18
500 991 25
353 759 24
158 800 18
27 87 20
697 294 16
129 535 3
531 312 7
331 20 8
47 74 4
528 621 21
46 551 29
774 879 1
286 434 14
876 161 25
438 87 7
348 346 8
352 457 7
364 58 13
756 313 12
401 262 30
35 113 28
500 100 22
886 815 19
781 402 13
156 239 14
908 960 20
544 953 16
114 640 17
583 501 16
196 865 15
812 989 4
473 639 1
329 364 22
487 93 16
671 580 19
887 967 19
241 844 26
286 685 3
334 394 26
330 316 12
156 886 1
602 937 27
563 891 25
892 112 16
469 199 25
266 195 22
873 144 8
259 831 21
651 676 12
669 245 4
406 552 29
241 720 12
513 988 12
438 842 23
471 170 26
97 178 25
884 373 13
211 610 2
849 182 18
248 757 30
181 747 5
40 476 11
201 154 2
931 63 16
177 679 4
592 0 10
775 223 13
412 674 12
562 332 8
165 329 22
531 450 26
16 526 7
608 651 27
658 210 8
362 999 30
269 561 10
375 989 28
423 561 11
289 302 19
817 138 8
785 959 2
421 76 12
252 492 6
410 67 13
500 547 28
969 423 17
545 428 1
74 698 22
149 150 26
164 358 22
605 278 27
218 525 22
886 233 6
941 491 12
433 905 24
583 602 24
238 849 29
66 73 26
390 208 24
923 418 29
325 571 17
152 699 19
591 640 10
463 222 17
66 152 20
520 401 7
123 192 9
876 156 18
896 944 26
125 471 30
660 597 21
400 555 7
279 234 15
596 541 15
815 8 11
173 790 15
898 267 15
744 707 4
185 228 18
782 960 9
288 585 14
50 993 27
541 110 2
447 199 8
233 605 2
489 732 5
898 840 21
678 502 22
350 205 9
356 949 11
414 198 2
696 103 16
528 756 5
200 580 8
364 655 13
299 96 12
681 947 9
743 521 23
640 148 22
404 777 11
410 22 29
860 120 11
76 756 25
559 30 23
371 703 26
783 866 13
217 865 2
664 501 13
747 364 16
698 630 16
366 361 12
709 643 23
808 367 20
67 936 24
416 370 9
238 530 12
267 368 1
99 378 20
233 604 21
714 284 28
796 22 8
772 80 9
37 557 21
195 17 25
349 0 10
993 383 11
209 599 10
30 476 4
705 165 13
204 96 5
88 202 12
51 494 15
370 894 18
163 320 8
604 808 19
446 910 16
614 680 19
823 543 24
201 881 21
486 726 26
868 879 2
22 220 11
835 92 27
991 597 12
659 560 5
947 356 15
243 374 26
705 908 29
965 341 8
658 453 27
503 654 3
160 770 30
683 158 2
607 247 29
652 897 16
361 303 27
812 381 23
251 398 22
153 438 30
728 990 28
389 251 15
607 686 11
889 694 19
169 132 17
135 990 18
125 380 21
133 322 6
883 241 27
792 566 9
930 941 30
359 710 11
921 22 11
402 359 18
457 136 9
730 262 14
216 900 26
558 931 12
408 797 19
102 350 27
378 366 25
42 792 24
408 791 25
336 684 21
446 616 7
511 827 26
20 120 9
913 983 10
936 570 18
969 883 7
518 665 6
526 528 5
437 126 20
515 854 6
788 228 30
290 653 3
259 757 12
406 499 3
186 20 7
868 877 9
686 683 26
183 254 19
560 162 29
709 299 1
55 664 18
536 421 11
242 829 26
492 493 21
102 121 18
471 49 19
714 977 23
309 486 23
867 209 23
411 166 18
425 12 13
89 498 4
461 87 30
28 969 19
972 462 8
184 458 22
426 65 1
435 270 24
130 742 27
153 529 13
192 921 8
418 374 19
779 637 9
871 506 17
13 804 6
70 861 21
879 513 23
905 810 29
907 630 24
709 478 28
243 670 23
8 835 29
630 89 10
497 119 12
206 193 12
384 314 23
163 242 9
295 724 16
87 315 1
829 634 10
771 773 1
111 48 29
716 545 11
586 847 23
681 897 25
64 907 4
891 844 30
905 72 7
645 958 7
697 731 8
246 485 17
765 630 6
364 858 2
559 578 30
939 366 3
137 909 17
299 708 14
611 553 3
301 688 11
600 183 11
404 497 10
86 315 12
432 210 16
554 1 25
29 32 22
315 661 22
718 302 13
149 169 25
964 158 18
372 680 18
397 431 11
736 88 6
674 685 2
729 773 14
371 345 28
396 223 22
359 146 14
591 156 21
448 526 23
731 354 1
327 595 2
887 743 4
976 639 1
769 183 3
793 389 27
927 899 16
744 305 5
727 173 20
955 767 16
777 992 12
329 744 18
164 793 25
489 35 27
662 133 28
659 154 27
192 435 15
128 295 6
158 103 15
382 373 11
528 697 20
620 266 12
443 4 3
617 792 16
852 93 19
643 552 30
160 946 9
249 181 1
542 432 1
773 637 4
705 586 6
650 51 7
702 14 14
939 289 3
185 956 17
172 291 27
821 903 20
948 529 25
387 525 20
849 697 28
262 759 11
268 694 1
630 904 22
929 178 14
215 895 27
83 408 9
197 677 7
941 15 28
634 587 26
715 416 30
565 985 4
302 360 29
306 744 16
99 413 30
113 279 9
317 215 15
52 878 21
597 95 7
24 614 19
516 444 23
87 552 15
216 191 13
237 93 12
946 772 5
293 296 22
148 531 7
330 548 18
477 294 17
882 192 16
438 926 1
895 339 7
415 223 4
876 242 9
400 993 26
121 91 1
130 461 24
909 816 19
978 607 5
715 923 7
892 824 3
527 514 1
101 865 23
398 681 22
473 479 2
248 344 21
741 807 19
740 848 18
155 231 22
49 476 11
947 130 29
396 749 1
306 360 17
708 951 24
390 620 27
197 520 14
199 864 19
98 364 12
482 71 19
841 473 20
541 66 2
717 786 13
219 571 15
850 497 6
717 422 24
306 395 5
120 979 3
323 140 15
879 550 2
922 276 5
806 295 21
580 761 29
133 523 2
366 171 21
851 136 27
807 162 10
188 861 14
670 846 3
551 763 12
600 139 8
586 585 29
512 212 2
503 848 17
235 417 1
781 522 21
725 501 5
858 918 9
121 521 15
494 599 3
844 112 5
564 327 7
749 176 10
860 299 9
103 992 4
430 551 8
121 90 4
694 156 13
220 562 26
366 358 30
917 343 13
933 310 12
330 989 7
465 337 3
0 156 2
301 666 21
506 762 3
872 400 21
834 255 5
917 674 5
896 102 28
826 127 8
268 705 10
593 650 30
468 687 2
868 92 27
165 576 24
360 692 22
936 283 9
125 327 12
380 828 5
907 442 15
60 366 23
481 245 14
931 674 24
815 238 20
612 247 30
832 740 19
212 114 14
148 271 8
572 866 3
233 247 11
552 748 27
887 442 27
299 182 21
360 743 6
342 758 25
604 813 27
311 301 10
986 96 15
706 642 12
55 768 29
720 730 28
986 142 15
604 103 24
890 948 17
795 981 2
274 546 14
894 34 23
345 509 16
287 683 13
859 677 15
505 742 20
742 730 26
612 43 7
104 345 3
225 459 3
828 680 1
279 832 1
988 13 9
662 953 6
577 764 22
406 186 22
204 622 11
538 572 28
939 261 22
629 280 15
980 782 5
265 980 5
866 253 28
548 385 18
461 115 16
745 433 7
468 869 8
395 98 24
213 111 13
287 706 4
145 682 20
289 587 25
187 482 19
423 148 8
891 232 23
606 455 13
487 606 22
906 436 8
416 699 8
689 817 23
502 716 29
678 338 5
296 257 4
362 68 19
830 142 30
436 957 6
630 128 22
18 531 22
459 254 27
843 444 27
869 427 5
294 343 8
383 182 29
465 592 29
143 838 12
850 673 8
822 270 15
99 101 29
386 424 1
204 6 30
46 770 14
714 466 22
186 369 30
484 86 19
746 963 25
674 591 18
799 820 29
415 390 4
216 420 6
682 84 10
962 919 28
535 680 30
515 352 29
271 372 19
361 279 14
715 143 8
942 730 21
246 172 16
860 568 8
299 464 30
294 13 27
663 517 15
362 920 4
138 631 6
280 38 17
896 373 21
502 63 4
224 841 18
933 815 21
977 132 6
775 588 23
206 718 25
555 496 24
232 249 9
570 54 15
748 330 5
666 929 17
975 295 10
96 75 12
976 951 12
578 671 10
467 207 13
933 780 8
973 359 7
969 497 14
294 666 2
653 981 26
800 546 15
601 939 13
444 538 1
417 118 15
265 338 20
504 922 22
913 21 1
599 969 15
409 161 1
971 451 15
118 234 11
581 963 10
98 354 27
809 145 29
654 650 20
916 997 1
498 539 29
104 473 18
489 686 28
366 466 30
942 309 4
293 665 22
131 281 6
950 409 14
389 696 16
316 861 25
375 452 24
669 675 11
612 742 7
658 38 2
788 480 25
584 175 9
552 472 1
283 985 14
707 658 14
710 752 24
89 725 10
400 174 10
789 208 6
694 196 1
448 461 13
177 267 9
808 422 17
932 904 21
192 200 11
814 316 24
169 15 22
438 971 29
23 616 14
204 717 22
204 180 5
711 553 18
936 451 14
215 366 29
479 842 4
283 62 23
117 178 9
414 305 22
295 309 8
451 715 14
361 895 15
688 894 26
132 824 22
269 504 25
733 637 18
231 85 28
369 175 19
279 689 4
649 277 19
52 577 19
597 772 23
767 55 2
935 390 18
509 423 5
236 906 8
653 105 15
641 204 13
394 814 5
777 863 23
496 65 26
634 242 1
868 995 7
832 123 10
727 328 1
886 484 11
237 664 22
778 624 6
639 574 19
902 490 7
643 489 7
373 404 11
247 443 5
312 368 23
341 606 1
144 753 7
482 277 3
974 772 8
908 267 27
223 813 3
465 925 16
925 451 6
722 621 21
311 833 22
195 78 2
293 718 8
574 33 17
496 827 29
143 472 15
566 359 6
312 393 24
411 649 11
220 199 28
111 502 27
251 646 22
297 574 8
971 848 9
50 855 10
669 743 13
830 351 21
386 240 10
779 303 9
751 846 15
135 101 18
472 379 27
907 250 10
867 241 24
424 461 11
728 631 5
62 697 19
29 644 6
871 989 16
398 731 21
413 497 7
183 690 14
467 316 11
312 884 28
477 353 15
206 435 30
463 655 19
608 502 12
727 920 9
240 302 22
56 59 26
911 311 13
615 686 16
790 345 19
126 150 24
635 47 19
663 48 20
731 236 19
243 464 3
350 833 23
691 28 28
491 398 12
920 200 7
921 101 12
126 106 6
323 183 30
93 584 10
261 508 7
81 545 2
370 832 14
681 778 9
906 810 28
39 552 22
276 202 11
605 611 8
901 943 11
482 65 4
813 382 9
115 732 15
788 262 7
935 945 25
593 60 29
680 929 24
508 137 13
831 607 7
685 433 5
14 177 21
834 629 7
572 535 19
880 602 20
674 930 5
573 626 21
274 614 15
254 892 7
733 903 10
620 783 26
53 879 20
936 591 6
782 376 10
731 288 8
664 665 9
275 672 1
821 34 24
336 381 12
84 647 1
797 341 28
628 500 4
536 336 3
635 823 21
259 681 27
689 682 5
979 658 30
491 313 28
435 491 14
116 782 24
860 326 13
659 482 5
733 708 27
131 10 29
390 900 14
923 449 25
182 304 22
290 119 20
199 560 12
274 850 11
261 537 7
253 784 8
259 917 3
718 553 26
921 958 28
631 409 15
103 763 24
501 924 17
656 931 25
684 476 19
857 9 29
777 878 12
979 745 14
629 545 3
498 96 3
369 943 9
443 119 13
110 229 1
645 70 29
800 792 1
780 438 16
204 226 11
829 300 9
244 548 4
703 666 16
540 734 1
520 581 9
529 749 9
407 205 7
755 1 27
516 808 23
469 755 8
785 465 16
759 29 29
551 307 3
806 521 21
188 339 13
134 506 1
738 145 19
158 791 13
630 746 4
207 149 16
63 60 27
93 927 23
606 2 19
636 829 18
21 784 27
462 435 29
334 678 6
329 741 25
562 802 16
823 71 12
981 675 11
678 4 6
689 37 14
887 802 2
4 109 17
348 632 25
664 172 18
986 851 1
667 490 26
968 904 25
251 596 5
99 374 11
231 508 2
561 847 11
95 573 24
979 557 26
609 617 22
901 966 11
856 1 1
76 960 18
246 478 11
944 857 17
521 513 23
638 987 2
794 876 5
396 652 7
772 389 7
245 238 24
792 61 6
4 458 20
781 721 15
700 708 15
184 849 23
599 711 2
492 65 30
305 841 12
812 676 30
635 601 22
215 676 12
582 659 20
570 114 8
242 570 9
503 305 10
307 10 28
696 269 6
49 412 23
898 293 3
60 550 19
982 245 24
833 256 29
982 508 10
904 298 2
333 749 9
758 369 7
29 309 23
553 883 10
701 358 2
754 803 25
737 377 26
851 505 15
306 421 26
643 941 1
603 35 13
829 70 8
701 327 19
452 507 28
672 918 12
182 196 3
34 967 10
520 675 12
526 744 3
311 224 5
312 132 15
979 687 28
787 505 12
890 152 25
20 670 24
759 604 14
663 44 21
458 5 24
519 213 9
613 344 1
2 745 24
928 886 25
303 202 10
530 510 19
131 493 6
685 640 24
947 343 15
511 693 4
182 435 30
906 52 11
83 714 29
180 929 7
263 951 20
804 59 23
56 168 26
656 418 30
856 742 23
635 228 1
114 101 17
556 102 18
833 659 11
228 196 8
173 353 23
281 433 25
797 354 1
281 454 9
649 40 2
431 691 2
644 891 16
623 785 23
295 884 26
971 107 25
438 588 7
220 53 20
384 275 15
225 897 11
165 241 8
538 580 2
557 708 9
702 862 7
308 463 26
726 716 25
168 217 25
440 474 24
404 351 3
758 306 10
922 741 6
489 652 27
38 7 19
884 579 22
49 386 24
77 154 9
635 714 12
406 836 26
21 425 21
689 246 3
637 72 29
997 888 11
898 309 21
673 799 21
456 905 19
860 782 18
297 342 12
907 332 20
629 330 15
796 218 22
984 402 18
95 846 25
200 372 21
62 477 26
169 559 13
56 869 2
497 747 27
895 540 5
118 276 14
127 787 17
531 983 4
272 926 25
749 340 20
453 375 23
337 799 19
824 261 2
699 483 12
208 347 11
556 231 8
249 871 18
250 731 15
528 664 15
483 817 14
23 81 18
455 882 23
208 992 11
475 912 4
262 263 6
800 477 6
909 653 28
347 276 4
990 407 10
586 13 13
830 334 22
993 913 20
593 243 3
303 138 29
950 537 29
647 108 19
330 546 24
446 887 15
47 864 19
203 674 2
554 744 15
299 271 8
620 957 13
110 539 3
159 335 3
647 840 7
725 297 9
284 973 8
537 705 21
855 11 24
786 125 19
944 955 30
661 887 25
461 949 24
219 928 15
846 447 22
635 613 20
436 990 5
341 334 21
841 288 30
324 32 21
873 421 18
141 798 3
716 389 27
835 518 22
767 736 1
55 124 25
555 803 5
799 725 16
128 953 16
28 640 28
860 885 28
233 246 10
676 915 6
34 772 26
233 510 9
294 644 7
822 151 29
707 159 16
413 276 15
460 310 16
139 217 11
229 897 23
898 385 11
688 310 27
299 914 26
385 364 14
31 707 22
579 975 21
455 237 26
196 200 8
289 227 30
630 474 19
982 321 28
67 54 14
926 41 14
339 68 19
106 561 4
964 554 17
593 837 10
850 739 22
87 272 16
141 156 21
235 387 5
40 68 15
214 489 3
782 607 7
23 280 15
131 923 11
702 677 19
768 665 25
99 221 23
387 278 3
259 531 13
41 342 27
697 250 24
857 99 20
430 223 19
483 692 22
475 420 20
470 217 2
284 144 27
946 105 3
659 881 30
468 143 30
172 994 22
891 131 6
792 817 10
766 779 8
886 192 19
470 683 17
277 328 17
49 945 3
629 692 4
337 235 21
626 19 12
24 203 21
799 560 8
984 82 20
561 660 23
703 660 3
925 664 29
287 224 7
34 582 22
87 204 10
942 188 30
510 880 9
142 942 12
933 265 2
77 524 28
578 153 22
40 66 7
870 612 14
481 290 8
837 38 12
941 448 2
221 145 12
434 384 19
269 590 19
212 430 5
6 955 15
447 868 22
772 600 21
899 285 7
902 555 5
31 771 28
881 414 11
604 796 16
456 164 12
828 310 13
913 293 10
572 648 27
525 366 8
769 110 4
370 440 28
481 805 27
9 588 18
542 593 30
691 141 2
451 906 20
671 383 5
975 896 1
471 252 6
901 755 13
44 653 17
801 488 23
261 937 14
956 597 4
377 252 28
976 1 22
706 523 10
751 157 21
524 448 26
359 747 21
641 462 21
973 272 6
351 156 29
873 925 25
997 715 11
500 372 20
123 193 9
287 205 16
658 448 12
345 549 5
795 827 20
910 704 19
854 355 26
589 252 25
973 168 24
811 58 16
933 616 15
270 620 7
532 625 14
498 739 28
882 656 25
549 475 2
941 605 8
999 947 17
60 92 9
313 857 29
864 501 10
42 328 10
105 81 15
478 299 26
658 613 8
375 30 25
945 447 30
542 932 2
526 635 3
307 885 21
10 118 21
786 87 13
720 802 6
555 484 14
266 593 19
413 955 25
917 60 20
418 340 3
270 685 4
626 693 30
135 530 25
998 725 24
899 537 30
879 175 5
461 278 2
276 548 14
256 80 6
266 482 14
407 805 24
18 727 14
430 724 18
649 963 9
411 995 19
668 243 11
867 539 25
41 429 26
481 959 23
868 431 4
921 562 1
826 382 16
267 427 16
577 820 3
373 161 9
241 707 24
551 621 25
474 178 30
169 996 30
952 927 16
729 676 11
86 93 19
10 847 11
808 945 20
448 707 7
842 360 12
271 928 24
397 479 20
101 628 21
210 408 5
286 707 17
693 833 23
146 403 6
287 948 8
782 53 8
597 861 14
39 85 24
178 934 10
438 758 10
172 353 29
15 882 7
693 432 9
239 761 20
392 506 23
620 512 15
971 460 27
680 977 30
767 307 15
177 97 16
810 555 17
609 243 19
571 980 27
211 56 1
725 34 24
120 369 3
831 114 28
406 586 16
64 46 7
930 841 5
963 288 28
211 840 11
697 449 15
954 501 28
119 364 10
681 931 29
578 39 17
477 217 22
179 395 11
456 771 20
209 813 19
62 451 30
629 816 16
41 987 27
381 498 12
570 227 22
747 104 13
761 758 10
426 667 24
112 305 21
163 290 28
827 85 10
146 482 13
141 557 17
785 84 7
773 417 12
392 20 19
552 695 22
74 713 5
906 187 21
600 255 12
782 350 25
183 372 15
220 743 29
851 624 21
389 703 17
769 909 10
625 732 29
222 651 10
381 161 23
464 134 30
755 581 21
128 55 22
272 713 19
332 656 23
277 41 9
590 262 25
230 415 8
971 640 3
744 165 27
859 247 23
980 979 18
490 772 21
530 886 26
169 126 15
968 574 2
187 52 8
60 339 22
653 967 28
411 184 5
21 118 18
384 348 27
228 670 1
977 398 23
798 799 24
787 8 2
410 733 22
703 837 17
654 764 13
487 135 15
601 958 2
812 117 29
429 311 10
396 437 13
9 739 30
148 17 5
86 112 28
90 808 3
453 187 12
675 734 30
609 349 22
375 146 14
165 712 20
825 525 26
50 836 19
509 471 9
182 723 9
488 450 9
290 909 28
763 329 1
569 216 15
291 911 17
551 814 26
850 624 30
801 605 20
417 907 14
628 421 14
543 565 19
401 387 15
7 677 25
880 644 4
761 588 7
355 859 29
249 554 14
163 581 18
620 124 9
981 690 24
602 317 17
360 367 26
599 826 20
869 340 3
307 507 30
996 845 14
490 346 18
170 49 30
696 646 17
937 740 23
928 739 20
209 721 8
607 713 28
484 693 26
164 25 6
205 429 13
14 142 3
363 732 8
767 991 25
423 43 2
919 72 12
372 482 2
430 969 14
387 930 3
843 442 30
288 173 20
357 423 24
980 341 8
235 882 17
442 547 23
110 548 1
677 352 2
555 716 16
198 630 18
839 511 30
615 26 3
273 141 11
85 98 27
610 955 23
86 201 5
382 561 16
929 274 29
247 191 12
156 842 30
628 817 5
30 524 6
782 389 10
136 944 7
306 707 4
979 891 29
844 683 24
608 16 25
842 336 23
736 352 8
46 131 21
636 164 26
413 415 16
292 868 20
839 203 6
577 964 19
773 819 27
639 426 18
866 987 20
797 944 30
281 180 4
122 288 13
728 474 10
792 250 1
131 508 6
657 154 10
865 308 30
722 609 26
145 527 22
214 612 27
223 829 14
912 537 28
818 151 25
324 840 25
827 631 13
38 459 19
897 593 7
645 98 21
871 742 19
981 758 28
663 897 28
519 497 23
376 566 26
382 866 19
965 790 9
321 872 19
309 70 11
858 467 10
111 64 12
869 124 8
228 244 3
384 704 20
34 710 29
484 694 1
119 647 19
247 644 22
732 107 8
214 898 17
568 871 6
178 484 22
2 394 11
453 642 20
269 603 17
678 156 6
299 821 12
513 460 27
190 256 14
972 897 3
913 758 14
77 465 4
951 502 25
407 183 20
437 258 5
826 858 25
53 247 14
38 175 10
553 94 26
966 355 5
742 714 16
269 414 11
195 164 28
278 479 22
518 114 7
274 438 24
234 135 23
633 363 24
990 843 19
347 653 9
442 282 25
417 724 19
340 257 25
403 76 24
33 141 30
176 181 11
804 606 25
714 501 15
842 973 13
570 528 21
58 761 5
706 644 18
819 18 8
33 609 15
528 171 15
931 100 24
445 36 7
46 380 3
219 245 19
80 713 20
477 471 15
67 534 3
788 682 11
137 7 27
265 454 26
86 497 23
269 358 23
330 697 28
12 130 8
322 327 6
789 516 9
147 567 30
955 300 28
311 297 13
155 970 20
71 285 24
390 289 27
663 411 29
435 385 4
211 663 22
427 482 24
927 632 2
359 420 19
888 822 2
412 419 11
909 803 14
650 938 3
924 936 25
968 159 30
879 498 3
690 657 11
782 7 15
982 783 6
816 793 8
262 403 30
206 346 1
210 848 17
367 162 3
443 131 17
980 799 30
244 401 15
7 113 6
540 600 28
826 70 2
958 874 27
206 314 12
967 867 6
976 352 17
874 47 17
195 377 13
569 56 12
0 499 20
998 678 15
827 712 12
189 267 28
331 617 16
890 323 18
918 904 4
350 51 23
879 251 22
738 534 8
841 140 10
204 459 2
642 958 24
584 177 2
505 577 17
606 363 30
638 601 14
587 378 28
669 953 6
667 332 5
450 452 1
382 863 26
609 325 30
946 972 4
272 481 9
757 727 15
294 520 27
682 233 11
35 25 9
188 788 4
311 768 17
556 668 24
213 155 30
372 561 6
779 933 13
54 639 5
145 935 30
267 414 19
348 616 1
353 129 20
181 797 27
13 923 11
139 937 14
357 542 26
872 730 3
559 140 13
647 766 10
41 743 20
101 815 3
253 233 5
671 339 22
318 474 7
615 256 30
329 413 21
39 978 22
863 532 17
86 362 18
125 173 7
788 40 5
985 286 11
838 91 8
471 114 14
226 925 26
101 345 4
484 891 4
425 785 2
493 84 13
496 82 29
195 193 18
484 302 19
82 633 19
95 277 8
310 59 5
126 824 25
850 869 10
894 177 28
103 513 13
533 448 19
967 582 2
242 991 20
550 613 12
453 987 23
25 16 20
482 174 2
866 696 30
976 409 27
435 522 10
435 561 28
721 275 23
622 494 4
262 869 26
853 766 8
149 464 25
884 430 26
574 738 11
756 82 20
881 458 25
313 251 19
705 894 26
59 31 26
581 674 14
803 65 16
475 198 23
522 832 21
366 189 3
690 281 24
313 450 14
902 177 18
682 835 28
937 184 23
667 251 5
771 697 14
0 782 13
379 266 21
52 38 26
917 558 10
880 748 28
112 202 3
635 27 22
310 579 29
839 780 21
132 6 22
80 430 8
688 544 12
353 854 16
880 0 13
170 205 2
966 92 5
982 588 18
958 9 11
999 239 11
715 591 9
133 710 5
526 179 15
41 327 22
576 629 8
511 444 5
740 633 30
828 34 23
151 990 3
527 782 7
697 404 7
189 718 21
345 451 16
243 555 12
914 296 23
593 311 24
472 23 22
407 440 6
757 14 22
856 96 14
817 146 13
727 609 24
586 174 1
255 245 9
570 124 27
639 46 2
826 258 22
8 220 12
693 375 4
871 682 23
143 908 10
790 964 29
890 129 21
802 673 9
170 215 22
123 72 21
266 561 26
152 525 26
130 721 13
159 125 27
497 371 9
198 738 11
360 579 22
866 265 18
473 992 26
139 77 10
214 502 2
636 985 24
272 26 14
121 825 15
836 846 11
825 343 13
144 390 20
592 702 3
180 150 15
370 620 17
278 454 8
278 304 4
591 789 18
369 772 3
248 394 3
147 12 29
728 324 29
959 552 10
982 352 11
164 4 23
839 337 12
567 76 14
421 627 29
858 468 30
969 398 2
61 729 5
269 381 28
890 575 10
88 720 19
73 704 26
458 670 10
776 620 9
928 122 1
278 137 9
592 773 17
676 416 26
12 859 25
140 590 12
884 608 14
564 814 5
43 768 19
367 433 29
1 631 21
701 11 5
961 815 21
574 636 26
457 983 16
634 767 29
51 974 4
407 500 20
906 27 2
118 85 18
379 706 16
188 399 14
380 429 10
135 819 4
634 413 14
839 57 18
241 313 18
851 148 1
538 952 27
563 562 21
862 535 26
490 810 22
588 671 13
685 291 19
328 210 3
950 509 15
584 196 14
606 64 25
97 245 14
877 275 20
288 100 20
318 865 8
745 826 10
419 571 10
115 578 13
907 356 23
768 499 29
116 137 20
18 261 24
279 458 20
695 625 13
385 139 10
95 768 7
659 99 23
73 815 12
930 788 16
61 956 3
739 720 5
429 162 27
216 406 17
521 203 17
220 910 26
217 879 9
208 999 10
388 277 1
333 422 3
843 920 13
856 310 22
226 411 4
331 618 9
640 784 2
731 47 2
454 889 24
932 775 27
296 846 17
379 76 17
901 152 6
926 115 4
741 121 5
856 592 8
854 698 18
604 528 29
214 748 1
410 804 18
992 333 16
874 628 18
446 350 16
84 920 24
996 846 1
591 16 30
540 201 27
588 613 23
479 85 7
486 961 6
269 19 3
117 216 27
514 123 22
534 8 15
718 201 7
295 750 23
774 956 5
83 683 3
508 503 10
402 2 17
620 71 19
923 313 4
158 228 7
717 646 9
651 511 22
636 87 29
104 601 12
71 283 16
475 309 14
318 972 19
759 741 30
0 180 7
395 558 2
727 244 11
867 563 3
687 336 10
696 267 28
906 220 29
0 764 29
232 751 27
292 187 12
595 585 23
199 290 23
795 441 21
881 812 8
877 686 24
990 747 14
780 472 21
524 159 3
811 990 23
180 675 14
650 775 19
659 776 9
57 555 27
1 811 5
653 693 28
654 99 28
230 710 25
289 822 20
519 881 26
154 343 24
464 655 19
111 793 30
799 121 17
796 613 17
959 141 21
834 358 26
837 948 4
100 887 14
67 819 28
798 972 24
895 755 11
817 877 16
11 777 25
772 1 12
415 453 19
405 555 18
942 710 12
585 180 2
765 283 26
12 88 16
510 3 22
191 269 20
824 52 5
558 441 19
590 982 4
104 902 16
574 101 3
232 667 23
268 602 12
985 992 18
880 517 30
127 214 15
524 513 4
238 119 16
129 352 16
153 961 20
872 789 17
57 40 10
674 288 5
625 398 15
768 428 10
729 528 21
752 482 1
606 996 5
189 386 13
891 136 13
348 232 23
355 160 11
26 398 4
161 950 7
91 640 3
263 481 15
215 244 28
397 658 2
290 218 28
628 86 13
788 956 23
543 315 5
124 870 1
789 761 12
696 650 24
76 826 28
834 203 30
107 531 18
775 766 5
11 469 28
862 0 20
924 95 20
616 580 21
389 636 12
608 812 19
717 550 27
474 518 19
103 286 23
639 824 27
732 341 12
749 270 19
422 829 25
991 523 2
544 133 29
204 803 28
147 10 20
997 30 18
587 469 17
990 192 25
141 380 29
951 170 11
647 150 17
840 17 11
375 822 13
350 420 10
114 666 20
519 432 22
928 696 21
104 660 1
580 796 27
66 364 16
476 608 4
751 153 17
29 39 12
273 987 26
599 690 7
210 61 21
240 404 22
375 423 27
855 965 21
478 720 26
13 262 21
121 148 25
821 388 21
656 822 10
568 87 6
793 216 10
52 841 26
551 567 29
518 887 24
381 49 26
531 655 11
905 681 16
98 423 16
109 620 2
762 73 1
547 457 25
164 304 7
290 539 7
79 609 25
329 464 14
888 258 20
7 338 23
578 513 10
886 29 28
275 787 11
754 836 26
365 185 11
536 383 1
881 254 10
67 752 13
608 831 14
377 222 30
469 476 17
31 292 24
553 438 12
890 893 2
192 107 29
281 802 27
90 348 17
694 759 9
397 430 21
169 554 8
934 262 4
273 376 19
71 394 24
95 99 22
801 797 9
499 235 5
805 898 28
349 407 4
287 251 8
814 204 26
648 423 13
810 453 5
432 357 3
684 504 6
39 25 8
143 227 12
778 204 30
78 377 10
946 914 3
63 333 28
417 569 23
783 284 17
837 489 7
104 138 16
67 703 12
336 707 21
412 977 16
887 248 12
446 48 26
274 883 29
159 590 16
861 639 21
540 108 27
145 337 6
956 790 19
446 894 6
950 953 10
954 697 6
568 855 11
12 54 25
942 782 21
423 299 17
93 942 30
208 84 10
995 934 5
152 378 8
907 56 13
92 562 4
152 111 26
64 386 8
981 630 11
685 246 8
379 225 8
569 298 29
303 409 24
597 658 3
345 402 12
975 939 16
690 219 19
232 327 14
146 259 8
929 305 6
757 510 12
819 501 30
629 283 24
625 765 11
536 950 6
589 797 11
900 378 18
924 801 22
534 53 5
479 454 21
39 640 21
970 194 15
486 298 3
329 679 4
750 205 16
445 311 10
328 391 21
422 390 16
371 778 7
773 255 12
938 391 12
105 764 26
662 531 22
317 401 29
831 636 17
174 21 15
460 424 27
413 835 25
659 477 21
844 380 8
432 236 21
290 435 17
886 56 24
583 974 30
609 337 14
451 174 6
670 997 14
199 802 20
717 506 22
331 186 6
608 264 4
993 842 25
795 506 11
674 129 20
112 543 16
35 105 23
252 467 16
26 868 7
947 859 9
201 609 20
366 963 6
86 593 30
60 57 7
165 910 21
622 354 7
125 311 30
849 393 15
978 691 15
562 90 15
280 721 30
674 173 2
451 650 11
440 900 10
460 926 16
773 258 21
782 855 8
386 907 7
899 577 15
480 336 14
285 291 27
353 772 23
984 329 8
912 30 6
814 229 28
831 435 27
244 290 6
984 164 16
556 275 10
302 234 27
474 809 9
707 88 22
163 758 27
96 724 13
433 230 7
13 807 16
982 100 16
277 418 9
426 659 30
285 116 30
241 42 1
561 488 11
636 693 27
708 753 28
278 614 1
337 261 7
196 598 20
958 822 9
781 983 3
16 491 19
682 162 17
367 358 28
737 765 11
867 581 6
920 795 19
27 623 16
921 627 1
104 238 18
589 563 13
157 983 13
119 643 17
389 504 18
614 928 14
10 537 29
716 225 18
91 599 17
485 669 17
703 276 30
861 456 6
444 505 30
468 453 29
929 130 30
166 767 21
511 583 3
68 832 13
846 818 7
735 933 6
129 811 9
730 605 4
870 105 12
550 319 3
216 752 27
34 262 16
83 217 7
0 45 4
643 351 27
394 865 20
446 947 26
117 972 27
293 309 3
89 38 27
64 318 23
884 265 4
456 758 28
46 393 17
665 103 19
856 805 22
758 505 16
15 147 18
779 70 9
523 232 22
141 955 19
629 110 24
591 41 11
252 97 7
916 124 18
424 421 24
50 7 8
39 900 27
51 324 17
577 326 23
988 748 28
346 229 5
554 969 9
983 545 24
26 90 23
317 807 5
253 862 5
874 799 8
555 553 13
710 620 25
25 359 1
610 251 29
682 758 15
325 911 1
248 235 4
252 608 21
408 772 14
120 856 16
774 231 26
38 98 4
488 419 2
183 767 14
598 175 11
722 936 7
339 745 3
254 198 26
57 823 2
833 14 29
690 611 26
167 631 8
173 347 9
896 565 11
639 130 5
541 452 29
703 355 16
880 89 17
781 810 26
894 864 21
248 963 4
969 201 15
486 712 29
645 136 22
673 1 10
536 12 27
627 135 15
557 589 26
836 960 20
504 219 4
674 363 30
745 875 29
986 65 3
917 786 20
322 823 1
709 598 17
290 553 4
185 617 1
598 172 19
497 191 15
128 135 28
748 671 8
902 942 7
818 734 29
815 897 24
672 351 28
406 176 2
23 76 27
924 599 20
545 870 16
279 726 21
377 490 5
401 750 25
368 637 28
418 314 2
143 293 1
11 816 15
775 248 16
989 506 4
476 444 11
880 488 9
46 197 4
788 197 23
450 785 21
218 249 12
374 368 8
871 781 23
905 60 21
132 383 5
172 735 2
358 225 14
433 117 27
410 676 28
959 674 3
956 147 7
144 797 7
232 850 6
936 274 21
953 390 8
925 31 4
908 193 8
245 961 15
343 623 7
637 282 26
147 441 3
787 146 27
654 606 5
724 472 17
749 56 14
849 954 7
353 995 9
802 514 17
464 109 23
36 747 9
256 265 23
431 617 23
897 309 11
888 291 28
364 942 7
105 295 16
620 268 12
849 827 10
593 597 8
255 477 2
308 952 1
183 242 6
725 40 18
936 576 14
212 433 19
429 356 13
472 52 1
755 563 15
187 773 28
639 400 5
877 922 11
826 138 15
663 261 30
579 524 20
694 471 7
319 675 12
406 207 19
283 717 5
628 802 25
717 95 18
624 909 1
536 75 9
699 102 11
493 652 6
920 607 30
876 208 6
619 216 7
61 67 30
671 145 19
497 995 5
573 158 4
244 153 30
731 120 14
587 495 12
580 494 1
308 189 12
282 68 13
603 879 25
231 778 19
518 240 2
34 151 14
690 189 15
457 507 18
686 840 27
392 682 17
397 398 25
643 765 4
183 363 7
251 580 18
419 185 21
874 67 16
231 250 13
202 130 10
706 833 10
442 356 3
227 487 29
282 0 14
843 455 6
426 937 3
529 241 4
930 874 15
256 945 21
590 27 12
393 720 15
965 626 23
999 629 23
883 1 1
582 507 28
125 361 9
962 753 14
960 582 24
988 689 23
471 43 19
786 233 6
833 221 30
567 185 9
826 869 19
821 973 23
10 546 4
482 79 1
897 698 7
593 321 7
425 357 25
821 676 20
999 897 10
727 75 11
508 691 6
8 9 1
114 790 6
487 865 16
723 768 12
984 37 30
749 642 29
282 151 8
163 848 22
358 111 9
532 677 18
278 275 15
789 764 13
344 455 11
783 358 6
237 392 23
665 646 15
452 7 17
621 473 22
293 117 1
95 928 24
1 7 17
371 848 28
929 691 13
443 213 11
366 641 11
533 197 5
238 167 12
481 168 14
922 726 24
355 678 14
922 752 24
490 141 15
901 33 8
378 965 26
809 62 10
931 535 10
933 768 21
760 981 20
622 24 13
59 264 3
883 566 10
228 404 11
242 605 1
886 373 24
698 104 1
894 91 21
314 341 3
366 226 13
561 131 30
500 995 3
567 441 7
770 755 20
277 887 3
975 576 16
286 154 2
73 598 24
604 592 21
23 37 12
613 982 12
70 254 28
247 827 29
123 243 28
9 40 29
11 620 28
85 189 7
721 584 15
352 601 30
636 869 11
254 369 18
916 111 24
836 67 30
618 503 7
494 190 7
675 249 15
507 930 22
284 852 9
550 209 27
250 50 9
524 379 16
510 181 10
40 764 3
759 88 9
873 894 21
340 814 30
534 48 25
169 434 8
728 265 16
986 490 30
832 892 2
925 107 10
799 773 2
105 543 16
375 339 25
842 459 22
448 7 27
92 993 22
363 835 12
675 199 22
836 736 9
313 161 5
575 996 1
287 935 13
435 431 11
593 862 11
423 957 4
903 436 15
204 764 19
892 232 24
242 107 22
86 243 28
343 193 14
651 665 30
485 120 26
885 134 3
295 715 16
642 71 2
210 857 21
387 319 14
257 698 29
613 862 7
98 702 18
783 664 1
568 260 14
107 185 23
929 165 27
682 127 24
489 772 1
401 404 30
737 542 4
225 462 12
865 725 12
474 5 28
727 551 17
172 298 9
462 796 26
204 477 1
849 926 26
809 22 12
716 421 3
811 123 10
322 617 7
676 802 26
495 90 26
74 448 1
222 905 22
557 834 11
801 718 23
177 81 1
491 739 13
379 282 27
40 568 27
227 493 1
757 892 10
686 126 23
982 800 14
341 959 22
808 705 29
869 182 19
372 606 25
616 101 30
751 765 27
868 615 27
613 102 7
530 674 11
251 528 28
684 610 18
130 541 2
454 719 23
689 613 22
922 91 12
875 623 3
910 691 15
670 675 14
664 524 9
874 647 11
358 469 10
898 823 9
591 776 16
911 572 21
31 568 4
389 219 19
417 686 7
435 593 8
64 35 4
588 684 18
209 967 5
897 194 28
694 485 23
800 229 17
210 62 15
681 452 24
20 995 7
374 348 9
258 990 14
704 763 12
344 252 2
133 586 26
882 662 30
703 691 17
411 246 15
321 612 21
956 68 12
301 801 12
440 999 14
334 699 13
925 901 30
751 481 11
69 524 5
95 51 28
527 618 7
892 62 30
256 474 5
984 230 7
801 554 20
758 746 17
327 650 13
913 830 28
767 218 2
332 792 11
398 511 23
664 478 5
886 599 18
553 767 9
417 477 9
34 113 10
154 667 21
84 62 6
560 716 11
451 730 28
166 267 15
704 946 19
553 958 10
148 28 20
930 74 17
747 531 4
591 760 11
235 542 20
354 86 2
284 563 10
174 290 16
666 325 11
546 993 18
445 850 17
319 445 17
524 945 22
331 277 10
599 717 21
72 203 7
993 532 20
749 33 19
459 956 5
900 955 19
758 151 20
841 165 28
225 764 25
529 285 2
31 122 10
791 156 9
247 802 25
169 227 24
419 997 15
510 49 5
986 5 11
0 446 12
480 882 6
203 108 4
629 822 17
997 856 21
871 561 6
373 374 10
506 236 16
797 576 4
481 988 19
447 90 2
114 652 14
111 819 28
311 284 30
438 61 8
792 657 16
130 275 16
63 518 25
816 33 16
760 996 30
16 599 24
101 111 16
488 283 15
860 689 6
446 80 21
542 683 29
762 872 15
412 481 23
744 47 14
762 792 20
327 597 2
915 423 15
41 394 29
778 175 24
549 896 20
634 274 21
785 451 26
926 194 18
645 624 19
14 545 3
228 59 8
977 798 25
343 530 5
760 198 24
612 783 13
137 19 16
20 450 7
73 631 18
268 0 27
208 123 13
564 733 28
79 341 10
55 454 19
348 943 20
720 493 10
394 773 14
970 567 21
143 400 27
29 374 1
402 874 22
335 500 27
142 575 22
759 475 10
998 113 6
359 839 5
470 544 27
361 700 25
317 41 14
816 228 14
376 144 17
30 642 5
230 351 17
932 832 26
26 882 25
348 418 21
938 580 12
761 829 15
445 696 29
422 603 10
257 220 11
503 623 4
223 995 19
474 427 10
565 151 7
562 110 4
749 999 3
357 940 22
535 826 9
475 403 6
110 82 17
437 683 28
926 340 10
449 714 2
243 858 5
692 795 5
222 549 5
369 677 3
273 210 21
243 465 27
109 920 14
160 123 3
823 657 15
376 49 27
273 994 22
908 978 6
946 944 24
873 732 26
69 654 21
525 70 27
46 894 15
55 408 2
343 765 20
119 301 13
45 748 22
905 503 2
11 571 23
20 416 29
107 500 15
927 725 11
541 568 23
875 70 30
502 838 12
457 463 25
742 803 26
127 919 24
75 895 5
65 831 4
204 346 23
122 415 20
712 41 29
315 971 17
773 216 30
775 377 11
241 2 24
107 680 9
763 483 3
385 973 6
371 214 30
290 890 5
445 509 9
407 37 24
513 847 14
126 922 3
744 146 18
378 630 19
376 466 10
337 890 24
476 808 13
29 765 16
90 227 14
586 452 26
69 536 5
357 814 2
416 563 21
956 744 22
370 831 27
304 240 4
24 944 28
69 575 1
302 213 5
426 134 21
129 212 5
365 793 3
947 694 18
148 662 20
113 902 28
880 465 3
465 659 6
886 94 13
589 944 2
133 566 11
307 14 14
830 338 26
248 611 3
559 687 28
293 730 10
54 448 30
303 755 22
921 996 25
531 730 24
467 655 20
391 52 21
727 17 15
335 896 22
172 839 18
410 426 24
179 466 24
364 571 11
720 787 15
363 313 29
525 0 20
772 793 2
217 399 29
957 624 22
757 610 1
347 794 23
320 238 4
863 716 2
624 681 6
425 135 16
290 987 14
647 173 4
289 829 25
933 383 13
467 9 1
160 270 8
879 664 13
260 404 16
669 192 23
154 958 28
843 237 12
162 580 13
662 742 14
580 309 11
199 330 2
580 535 19
27 401 26
207 87 4
660 139 2
801 565 15
678 758 1
242 811 7
423 615 23
504 509 3
83 894 13
886 54 5
969 881 3
686 818 23
620 37 22
112 537 18
898 525 18
880 876 16
81 496 15
404 422 29
126 660 26
565 432 29
199 8 22
907 47 13
380 397 26
230 829 23
982 567 2
199 671 30
686 133 16
427 457 23
820 401 14
898 299 12
118 640 27
961 905 29
140 234 23
777 681 23
988 598 8
877 413 11
254 68 20
654 963 22
81 144 27
855 583 7
421 37 18
739 369 25
569 208 28
724 189 24
575 638 17
697 136 20
253 285 17
975 147 21
506 385 26
11 849 17
917 793 12
35 358 30
624 990 15
666 139 8
239 41 27
571 647 29
954 113 13
300 945 25
156 738 28
521 579 9
205 544 8
213 746 7
614 877 28
350 810 27
466 548 2
70 366 22
264 78 14
66 564 16
853 372 12
869 509 17
597 350 18
819 174 19
996 935 20
234 113 17
525 499 5
793 616 12
768 789 2
391 704 3
972 600 10
599 366 4
711 665 20
212 501 1
443 217 30
265 528 2
14 143 16
239 733 17
403 217 28
662 894 24
826 778 24
553 599 24
490 398 27
364 375 10
312 145 8
813 240 10
738 425 26
104 322 22
22 958 18
833 847 5
908 979 28
735 496 22
911 206 9
603 596 16
724 228 9
236 549 10
719 999 26
333 512 27
228 7 26
639 214 26
576 403 19
822 967 22
204 503 10
20 258 24
573 586 10
570 750 27
60 948 24
171 763 12
219 198 5
904 277 21
772 437 5
399 725 28
578 253 16
338 673 19
473 23 30
123 3 14
708 257 1
592 461 1
383 56 12
844 873 3
135 633 2
282 798 15
741 769 30
237 871 6
768 32 17
998 295 18
981 281 1
765 310 4
111 399 1
536 318 5
594 525 21
740 150 26
231 554 19
827 484 5
649 310 18
551 983 12
737 792 6
489 492 15
980 874 1
856 687 4
103 155 13
451 953 1
276 84 30
19 704 23
762 406 4
434 990 7
613 388 24
842 389 22
226 321 16
595 140 2
697 536 27
317 202 30
935 240 11
620 784 25
302 421 8
849 25 25
741 272 20
729 188 8
661 326 5
631 969 2
778 918 12
378 265 23
382 790 7
870 717 5
540 113 5
540 982 23
944 278 26
595 580 15
547 884 16
667 281 22
571 336 6
672 673 30
898 647 5
184 373 20
388 404 10
43 861 12
413 347 22
197 522 29
433 533 13
908 252 9
46 353 19
46 224 9
351 541 7
401 563 6
543 780 26
534 167 22
253 388 17
101 272 4
183 639 30
58 317 6
336 980 3
870 285 10
312 520 19
659 213 14
719 368 21
461 104 24
945 113 14
727 689 9
100 875 30
149 695 24
952 6 28
301 312 28
677 40 26
18 835 29
644 872 8
906 736 11
666 714 4
82 146 16
194 899 23
401 434 27
609 301 22
121 341 9
730 226 21
276 273 27
353 840 17
643 69 18
170 405 7
629 79 18
145 105 25
735 529 23
771 268 22
566 679 23
848 290 23
813 653 4
73 416 1
526 745 29
591 484 21
676 64 11
569 855 4
22 865 12
861 927 5
475 957 10
478 24 14
668 750 19
569 506 27
800 239 27
911 84 26
228 298 20
87 724 13
426 795 16
595 223 4
277 312 9
745 356 23
355 212 16
385 708 30
472 157 11
826 904 28
426 983 19
12 993 18
107 757 15
212 178 13
29 429 13
64 315 20
84 545 18
450 441 2
432 954 15
206 474 24
191 990 7
232 204 11
598 585 13
620 967 9
88 45 25
432 690 30
871 481 20
15 499 13
917 628 28
535 945 25
310 881 2
463 475 25
505 470 11
759 869 6
929 9 16
631 433 3
942 819 17
358 598 4
447 345 25
550 764 30
771 477 26
764 534 4
196 110 3
889 750 30
904 147 6
894 517 26
236 553 25
515 593 2
74 336 8
472 630 17
799 662 9
121 838 6
918 552 26
257 988 24
661 773 10
763 181 17
751 249 13
380 187 1
798 459 16
724 748 16
450 289 26
596 643 25
172 937 26
634 899 7
41 121 15
21 836 7
244 227 22
81 442 16
413 868 17
729 902 14
313 244 1
234 662 30
759 800 18
924 104 17
705 766 11
706 201 21
317 763 16
279 142 19
345 565 6
876 784 17
976 434 19
834 83 9
249 285 20
913 38 1
924 70 21
352 320 30
6 796 24
624 900 6
965 891 2
427 603 20
366 662 5
675 618 7
466 877 10
557 522 30
990 709 26
317 676 21
257 821 7
813 869 6
403 807 1
710 792 1
245 239 10
935 517 14
395 630 7
364 845 16
12 520 28
982 219 18
876 446 30
757 37 5
953 627 29
626 879 2
450 310 16
711 691 26
762 22 8
141 651 28
621 673 8
380 960 7
355 897 12
298 145 23
589 458 19
501 853 18
548 146 14
346 493 20
687 372 9
78 515 27
187 794 12
996 135 5
953 111 22
130 409 24
925 332 8
438 686 21
50 314 5
780 851 28
8 328 9
452 404 17
351 141 20
321 700 5
376 34 13
588 477 20
700 849 13
899 946 15
824 240 13
12 799 24
456 529 13
143 341 20
21 380 26
60 101 19
891 146 23
606 365 21
522 408 22
769 36 11
934 421 28
433 147 1
736 439 10
515 100 22
930 637 15
4 470 3
888 111 12
158 17 27
401 608 30
630 339 9
908 669 28
845 231 25
330 64 11
555 360 29
953 831 17
331 860 9
134 918 13
549 882 24
415 163 11
178 891 11
296 509 25
760 467 12
456 243 16
184 375 23
758 223 21
576 828 28
179 359 17
456 58 27
597 295 29
480 999 1
40 142 29
134 330 27
706 485 26
901 748 7
312 483 15
331 268 27
848 792 3
989 441 10
813 715 22
819 792 7
213 896 22
547 809 3
433 982 3
117 322 14
210 904 2
708 110 27
726 810 24
359 574 3
935 118 19
458 605 30
242 693 2
710 64 26
729 833 8
329 134 24
439 357 22
125 769 30
239 855 8
954 367 27
572 188 27
64 148 13
761 395 14
252 204 1
326 195 17
101 95 5
541 555 2
680 377 28
715 797 9
0 654 12
365 993 28
123 703 3
66 831 6
861 73 16
679 282 10
354 286 17
456 926 29
726 274 11
444 385 24
526 653 29
316 73 14
773 898 5
366 697 25
582 452 14
836 861 3
141 696 26
803 421 19
652 473 11
201 85 24
136 237 22
344 428 1
839 300 24
227 13 17
312 565 18
447 996 14
227 22 30
2 504 28
302 808 30
942 134 26
4 546 8
140 813 6
210 715 5
306 766 9
599 604 8
580 640 7
851 257 25
273 114 19
901 627 26
304 192 15
242 945 21
337 812 22
199 81 4
775 788 1
46 392 29
225 784 15
771 823 8
710 751 12
760 243 30
481 712 13
176 393 29
272 698 2
100 704 9
67 73 18
327 347 6
293 195 30
235 680 9
983 600 7
823 534 30
911 592 26
765 235 23
353 334 26
750 61 16
393 404 5
355 477 12
259 127 13
708 971 29
392 796 19
817 42 19
112 427 20
282 466 30
331 743 23
905 91 19
405 246 10
280 127 29
393 225 12
781 446 17
21 553 4
702 745 24
607 85 7
893 553 1
876 932 12
309 210 19
357 600 1
534 112 21
186 314 16
963 626 22
647 701 16
968 554 20
310 664 28
796 811 19
274 990 5
951 963 7
776 675 24
471 892 20
514 743 3
209 538 30
412 297 12
832 468 16
934 803 29
852 787 27
83 429 27
921 567 23
428 866 24
558 278 6
728 628 7
694 798 11
480 403 12
874 50 30
685 71 6
830 21 19
286 180 23
864 69 25
540 247 17
200 745 17
265 324 17
921 343 1
732 159 9
184 739 6
392 575 13
378 903 7
70 522 1
723 27 15
740 946 2
666 156 19
980 603 7
842 276 8
42 997 13
341 370 29
341 201 18
585 440 1
994 703 14
0 536 27
684 152 18
453 998 8
406 282 18
458 831 15
627 290 25
736 441 4
780 352 15
886 468 27
707 901 13
743 265 8
316 103 2
181 457 2
117 674 4
715 701 15
846 410 16
278 922 20
894 560 28
273 100 23
398 141 23
78 271 12
343 895 22
942 668 13
495 700 12
547 488 11
357 856 30
395 545 14
443 846 15
642 761 11
589 471 17
933 915 30
659 461 5
300 76 21
99 296 29
929 31 6
682 386 23
521 181 6
800 30 30
400 257 1
698 720 15
202 73 26
586 907 16
27 836 24
700 152 29
17 860 5
815 654 29
594 477 17
718 436 19
793 684 6
668 828 14
948 156 28
957 669 12
808 53 30
234 793 2
377 236 2
997 781 9
469 38 10
434 893 6
704 907 18
838 245 25
579 295 7
353 491 26
616 434 9
133 278 3
692 169 1
270 995 3
595 44 26
519 326 13
602 998 28
75 915 28
656 559 15
911 519 30
568 511 28
905 396 1
115 292 29
118 572 24
891 968 24
610 874 18
362 754 10
475 620 5
271 647 26
427 894 6
193 961 18
455 100 3
310 642 17
795 254 1
860 966 19
565 900 13
297 375 20
913 992 6
651 681 17
681 218 16
81 280 27
77 759 19
978 221 22
237 243 11
296 884 8
955 757 4
458 603 4
84 758 21
869 112 6
516 222 29
299 218 6
354 310 26
366 30 1
615 764 19
975 160 25
630 961 24
885 439 3
182 393 2
573 431 15
942 139 20
798 707 18
877 78 25
77 82 3
736 154 5
430 995 8
446 859 2
198 227 26
316 418 20
892 773 22
917 59 28
368 682 11
632 19 1
869 997 18
520 908 11
705 373 22
767 31 15
757 428 12
903 23 3
423 993 25
67 367 15
217 997 11
804 917 24
795 372 13
824 292 3
912 776 23
896 254 2
933 787 23
97 922 18
427 418 27
702 264 3
129 194 13
171 178 28
492 449 25
641 19 22
107 837 28
924 855 6
259 805 22
948 871 19
513 98 17
976 948 26
922 856 27
965 224 12
381 72 28
112 30 9
526 842 14
800 984 27
743 146 10
105 541 19
379 45 1
183 97 6
947 42 29
368 576 15
658 518 20
227 155 25
933 499 23
874 488 4
852 781 26
414 641 4
856 971 22
846 756 1
310 167 7
744 770 7
968 909 19
690 530 18
297 405 20
576 191 16
301 523 18
531 527 6
314 974 14
967 570 7
664 816 30
697 123 8
961 216 29
684 368 24
311 285 11
301 109 26
309 416 19
96 232 30
723 598 25
38 603 15
117 495 29
751 264 18
528 716 20
623 509 13
522 266 11
301 852 9
334 342 10
353 723 6
862 464 11
49 781 1
723 797 25
223 936 15
932 369 17
988 144 28
976 178 19
429 190 25
81 742 4
913 892 16
498 832 9
460 127 14
852 227 7
52 216 30
563 508 27
144 288 9
142 244 8
898 257 8
344 925 16
707 655 11
913 738 16
889 514 26
738 54 27
331 966 20
935 262 12
714 976 29
835 9 26
509 113 12
489 715 18
281 460 16
972 664 6
328 930 24
989 151 25
534 636 13
832 141 7
668 694 12
234 75 26
455 164 9
473 654 18
720 830 12
458 945 11
636 868 24
946 529 11
826 451 7
963 872 4
354 747 14
25 166 10
923 726 1
376 371 21
690 505 14
706 367 23
14 140 7
531 587 26
275 356 8
800 757 13
558 882 1
114 741 28
9 39 6
295 823 3
807 597 22
729 108 18
305 809 5
947 653 26
232 44 16
387 66 25
69 726 19
641 745 24
998 234 2
14 428 27
145 11 7
876 377 23
145 262 6
910 191 18
8 317 15
608 526 29
409 696 13
593 893 11
413 353 11
331 15 16
317 631 18
587 442 6
18 656 6
117 909 15
448 319 17
174 951 17
367 787 15
108 487 15
493 221 7
512 710 8
542 272 18
278 961 17
583 782 13
89 969 21
171 514 28
957 654 5
481 581 7
62 316 29
881 870 14
453 556 26
612 786 24
505 118 28
267 778 27
208 956 7
783 169 25
253 528 9
395 375 26
743 26 16
602 100 9
116 916 4
519 181 28
820 4 6
108 898 27
36 983 28
863 75 12
249 682 30
290 957 15
887 17 12
853 169 19
385 705 8
534 78 15
261 632 1
752 621 26
126 654 19
605 786 2
683 55 19
293 422 28
959 206 4
547 846 21
748 658 10
933 576 16
388 132 3
238 293 27
60 203 28
268 900 13
365 6 28
441 994 22
178 46 12
623 149 22
885 863 28
142 361 8
723 988 11
394 797 19
297 654 24
527 201 27
338 805 22
644 612 23
334 498 1
245 95 7
936 897 1
610 604 4
36 797 24
983 164 4
142 834 26
305 672 1
348 990 21
383 271 26
1 219 22
711 991 24
703 948 6
735 245 22
746 87 25
355 674 12
884 703 21
131 143 20
824 19 29
0 166 6
578 938 15
960 936 19
850 818 13
392 543 7
655 45 23
612 879 10
64 657 18
344 78 23
825 35 16
104 556 30
265 782 15
639 404 15
144 501 7
13 230 21
320 635 18
851 795 19
456 767 18
374 589 14
316 88 27
118 419 3
283 217 9
337 995 28
122 909 19
629 346 2
967 599 14
33 712 12
322 389 19
325 213 23
745 435 21
212 14 3
174 12 11
698 202 14
349 42 14
573 220 8
238 282 26
601 569 17
415 373 30
907 534 1
231 300 3
702 805 17
47 854 30
247 910 8
690 750 7
382 872 13
137 157 13
601 545 13
670 169 27
351 827 28
149 229 28
354 539 2
873 28 26
228 705 11
693 906 9
237 292 30
148 635 18
908 440 23
331 397 19
885 480 28
74 111 29
36 407 20
515 618 20
437 173 27
432 655 18
461 356 24
922 988 17
171 745 30
784 233 16
207 31 6
13 571 28
155 66 16
765 859 15
9 481 20
755 87 3
50 878 9
954 556 13
654 30 12
428 132 21
339 853 20
60 444 6
540 520 25
965 755 26
283 617 20
924 410 28
404 130 25
389 296 2
316 393 23
926 723 9
804 808 22
338 68 21
520 984 27
151 139 1
471 857 16
155 12 13
502 935 26
215 501 23
996 467 4
600 408 5
447 659 9
74 116 23
597 20 8
442 564 17
990 272 16
473 33 2
719 342 13
695 805 5
868 930 24
179 739 29
220 403 25
240 716 25
831 867 1
55 947 27
21 755 20
434 836 12
250 349 24
415 160 22
486 589 24
310 665 15
303 717 11
595 753 17
949 435 20
962 835 24
745 587 21
379 262 25
420 425 14
560 258 19
694 331 6
827 80 26
229 658 27
78 980 19
165 652 18
304 755 6
802 343 15
479 594 20
277 751 12
155 975 28
637 500 29
245 77 16
64 760 3
169 451 19
385 571 30
445 287 8
618 3 3
75 187 19
766 544 2
363 900 16
937 778 18
887 74 29
729 221 10
61 453 29
780 948 29
473 623 17
412 119 13
873 165 21
806 471 10
346 681 25
594 295 9
942 576 8
10 610 6
202 686 3
455 87 21
708 929 22
413 898 20
398 218 27
250 263 11
594 362 5
576 674 19
220 416 1
123 240 8
402 600 6
366 727 2
65 95 25
245 237 3
471 999 2
510 609 4
185 433 14
894 263 24
620 49 10
632 835 7
886 464 9
60 410 15
491 987 16
900 104 14
322 420 3
885 73 28
210 663 24
58 638 14
436 941 17
207 784 9
516 687 29
53 860 4
508 210 12
129 768 17
331 264 18
901 402 19
498 137 17
748 908 10
789 165 15
949 644 6
660 621 17
457 928 29
404 249 23
471 994 28
496 391 19
187 78 26
705 886 26
497 507 1
296 63 22
63 470 17
277 989 14
171 746 1
450 787 21
269 198 29
811 939 20
926 31 26
402 443 14
529 140 1
282 288 7
542 854 21
384 609 15
488 278 27
252 441 18
868 405 6
234 484 3
857 408 22
767 284 9
689 739 20
962 380 26
635 293 11
171 828 29
859 11 18
946 510 9
559 127 5
193 590 18
552 27 13
370 546 10
652 879 20
672 686 2
46 458 20
971 818 15
521 420 3
155 301 6
799 211 14
104 29 29
827 845 21
72 690 28
661 900 2
418 136 19
842 738 19
752 572 18
688 540 6
412 581 12
676 520 22
262 436 12
520 645 27
771 484 28
803 406 14
612 351 18
386 797 20
451 142 17
714 97 4
880 753 4
369 459 10
57 138 23
985 879 18
668 13 19
798 496 15
316 458 15
76 383 6
812 425 28
769 764 17
135 515 9
655 544 26
537 598 16
823 192 2
97 704 11
194 234 19
645 546 3
190 452 21
559 231 28
522 894 22
342 851 28
520 843 17
434 353 1
277 891 16
293 768 18
173 634 23
828 889 5
622 111 28
40 899 14
268 154 15
636 846 25
387 87 4
833 997 28
946 838 18
113 371 28
665 483 16
427 856 8
769 976 30
824 601 23
461 772 18
384 593 17
408 505 12
481 548 28
218 65 5
467 885 1
669 721 20
63 239 4
795 586 15
430 112 23
540 36 17
497 123 17
600 947 17
224 30 15
445 975 14
256 316 11
465 706 19
34 2 15
15 291 5
610 848 1
477 919 11
837 906 10
877 13 21
844 587 5
875 733 6
299 588 4
981 35 9
273 639 13
471 219 30
177 843 17
804 649 29
232 862 11
385 618 6
309 467 17
72 989 25
636 104 3
426 109 27
577 36 2
29 858 8
55 13 11
248 334 12
559 808 17
546 316 8
841 218 9
50 262 19
99 910 29
381 116 30
352 403 28
522 607 2
554 101 19
624 698 5
18 178 20
665 334 1
21 422 23
874 699 13
326 407 16
235 224 17
855 48 25
7 0 18
696 872 16
212 776 21
463 687 3
638 927 12
179 676 27
81 180 15
132 17 1
776 255 7
750 760 3
838 255 3
972 594 21
999 421 12
722 506 16
516 256 30
699 156 9
529 101 28
409 380 27
106 276 6
280 105 15
421 330 20
323 998 12
468 648 19
290 420 10
880 794 2
415 180 24
876 646 6
885 576 16
339 86 6
285 218 21
748 393 5
111 535 24
429 976 21
766 431 24
28 133 5
933 528 3
357 908 29
201 401 20
689 369 14
815 932 6
93 944 5
73 989 28
554 504 25
454 93 10
36 319 26
380 11 13
13 255 14
339 819 4
850 21 27
459 982 22
569 231 22
331 949 16
651 177 6
125 953 30
187 456 22
869 199 6
228 764 12
435 782 23
68 869 26
440 718 22
285 241 29
77 19 24
150 28 3
546 970 8
984 651 17
510 387 15
799 701 20
886 626 16
273 154 29
208 500 10
874 90 7
965 785 1
280 513 28
681 702 20
819 426 6
968 775 18
974 546 3
602 244 25
305 645 21
462 213 5
360 155 25
305 628 16
502 415 21
578 926 17
389 913 6
765 473 16
684 816 27
332 785 28
609 346 21
861 468 20
279 609 14
891 818 4
402 517 11
662 398 18
722 792 27
742 812 25
421 367 15
476 51 22
805 670 6
126 199 11
68 912 15
281 58 25
890 227 8
934 409 11
520 472 18
516 402 18
795 464 1
920 164 18
58 792 14
836 568 8
670 115 12
181 683 12
758 44 10
51 503 4
862 373 4
314 905 15
842 624 9
856 312 24
250 346 5
285 367 8
803 152 12
433 456 6
315 518 26
918 43 10
193 222 4
790 770 24
660 229 17
41 373 13
2 786 12
6 317 3
227 328 16
524 418 11
493 21 12
317 129 2
855 396 30
889 294 26
499 529 16
0 612 12
312 72 6
287 235 16
922 400 12
531 689 23
517 42 16
66 167 21
825 810 2
507 192 17
30 840 11
594 22 12
306 834 21
204 655 13
307 845 21
640 980 8
647 662 3
431 112 28
488 672 26
95 624 30
709 64 1
175 348 18
922 759 20
825 51 21
109 132 14
660 268 2
706 629 10
484 875 23
148 508 7
935 570 5
734 134 11
580 519 29
878 814 3
14 179 6
185 44 8
119 998 5
825 297 29
489 637 26
904 168 12
720 526 19
500 365 19
516 211 9
915 28 13
230 102 30
145 534 26
441 402 26
703 952 8
37 156 26
423 625 5
295 518 8
251 689 9
790 185 24
889 656 22
612 237 26
218 465 18
849 870 12
437 148 16
619 475 12
237 865 15
234 810 9
63 514 16
840 912 11
726 128 23
313 786 18
756 498 5
656 900 3
780 861 4
366 993 20
492 165 20
256 100 16
952 246 4
63 782 2
503 554 6
387 535 25
294 109 19
486 769 15
176 612 18
713 506 30
310 424 13
738 583 29
347 564 1
355 843 7
119 622 10
891 541 30
539 89 8
535 744 25
869 253 27
412 514 16
772 39 11
857 989 16
144 866 9
261 321 10
192 941 13
36 177 2
538 938 21
235 507 3
950 729 8
417 20 27
589 495 20
890 654 2
199 680 8
586 598 29
67 43 3
885 608 27
373 725 3
831 142 19
810 515 14
93 326 13
95 340 28
985 951 10
370 563 13
685 803 4
564 802 20
521 483 23
824 560 8
475 537 11
270 645 16
756 839 29
713 626 6
658 278 11
699 210 21
923 567 12
605 65 24
573 113 21
523 867 16
236 166 22
203 680 3
219 126 2
982 335 5
761 80 20
307 25 7
55 596 3
963 91 26
277 306 12
488 600 13
796 229 26
384 54 29
60 649 26
412 792 14
655 257 2
788 394 12
217 661 18
891 243 10
583 225 14
718 719 30
691 686 24
406 459 15
493 16 20
234 686 16
267 217 8
861 46 3
842 912 30
162 497 15
610 509 28
863 935 17
682 541 19
672 453 23
18 694 11
499 126 27
702 509 12
55 861 2
266 709 10
879 721 21
129 86 13
529 997 29
108 554 30
977 897 29
633 931 12
813 397 6
797 925 9
722 444 2
486 629 27
440 41 15
732 549 30
397 612 2
720 370 3
853 451 23
127 814 27
396 365 11
109 460 29
274 651 28
905 787 15
167 876 12
632 635 18
331 800 28
545 24 23
770 124 19
752 180 1
802 876 16
941 514 11
180 411 23
777 810 24
856 456 5
948 850 5
649 964 21
734 197 19
19 939 24
811 36 2
75 296 11
699 682 18
37 538 8
528 109 5
518 266 27
518 920 7
33 823 29
197 666 14
111 343 8
340 728 25
42 386 11
696 375 22
140 444 17
843 80 26
130 592 19
983 410 26
486 851 5
744 368 11
148 413 26
130 535 16
738 212 6
258 363 25
175 468 14
166 299 7
385 367 15
51 437 7
55 567 1
852 275 22
39 398 25
460 198 3
529 88 19
593 174 19
486 249 7
976 809 1
199 726 15
936 189 1
23 536 26
547 811 2
735 175 10
756 608 29
412 336 4
288 680 28
157 150 3
138 66 20
732 901 11
825 691 17
939 337 8
862 596 26
43 687 25
719 665 16
2 770 21
299 351 10
757 256 29
280 966 22
247 222 7
200 956 5
888 282 5
583 981 4
405 709 17
83 538 1
410 334 22
488 925 24
197 433 25
90 549 10
33 199 5
84 442 29
75 844 5
27 583 12
681 341 28
770 121 24
816 441 5
439 538 19
613 359 29
863 546 19
681 822 22
880 683 10
870 699 28
817 232 4
890 641 1
630 643 25
556 899 13
874 311 26
94 917 9
546 812 2
676 827 10
846 13 3
926 259 12
152 10 21
164 775 27
35 582 4
264 105 12
669 205 29
260 467 1
622 73 5
798 512 19
847 911 25
2 492 11
680 545 24
581 369 2
304 937 9
435 729 29
402 391 11
933 890 3
697 756 19
647 51 20
131 646 3
272 378 16
41 62 13
994 721 26
259 886 26
772 799 8
56 275 29
8 539 21
257 298 20
95 392 29
957 201 8
689 189 16
683 983 29
155 768 27
934 667 23
656 557 6
697 392 14
7 513 16
161 112 12
419 976 25
589 902 19
414 106 10
180 840 28
20 820 7
534 988 17
232 371 25
229 858 27
723 253 7
586 415 9
452 254 11
221 468 22
434 716 29
341 625 19
805 246 18
440 43 3
288 147 26
109 2 15
300 86 14
468 742 5
963 528 18
981 505 19
671 780 5
995 499 4
628 395 11
436 956 22
907 197 24
969 152 12
53 931 20
742 51 18
571 776 26
442 194 14
611 751 18
637 426 15
248 104 15
652 890 1
16 346 12
989 655 25
790 304 1
250 662 13
439 89 27
823 12 15
753 373 8
574 459 15
811 387 22
223 515 30
558 850 14
887 175 22
455 691 8
286 356 11
489 524 20
632 178 24
333 248 7
44 279 15
98 971 27
318 166 6
182 292 10
119 262 22
880 529 13
438 715 6
249 930 1
131 434 24
234 4 7
221 839 3
665 588 21
768 180 1
905 47 12
221 112 2
655 835 27
601 88 17
812 716 13
321 398 8
667 866 9
868 131 4
618 795 2
495 853 26
663 459 7
406 105 11
620 405 30
468 711 16
312 144 30
953 785 13
305 719 29
619 161 23
778 797 14
153 612 16
321 101 19
406 590 28
391 595 17
835 198 4
356 413 16
229 811 5
662 794 16
758 173 26
327 234 18
112 464 18
65 316 12
108 414 13
507 44 11
865 390 2
268 902 15
141 177 6
908 381 18
778 242 19
731 882 1
73 478 9
195 897 25
763 742 19
227 455 3
862 522 12
311 579 1
289 872 8
219 53 24
17 171 25
940 920 6
382 687 19
68 726 2
15 387 11
363 91 1
270 48 7
213 372 18
369 443 20
971 764 28
914 104 8
667 209 11
604 168 22
799 156 23
202 608 10
320 762 8
416 410 27
926 954 24
909 572 25
338 488 5
217 66 9
484 216 6
20 559 12
153 267 28
530 672 20
342 981 14
209 497 26
632 182 25
829 711 2
678 500 17
729 658 24
902 856 4
234 21 17
463 891 3
531 724 17
862 883 13
61 686 5
988 76 14
