1000 5000
179 522 3
432 481 6
592 349 6
417 901 4
995 963 3
836 338 8
948 759 7
648 380 1
972 284 4
875 664 4
20 861 10
0 547 2
813 106 7
562 618 3
639 722 4
752 331 2
618 808 7
126 497 3
639 466 8
644 598 7
405 537 7
848 431 5
776 587 10
196 521 3
975 798 4
556 68 5
242 922 7
92 543 1
827 939 3
83 975 1
281 136 7
793 457 4
643 815 9
966 770 2
618 345 9
379 115 6
355 461 8
309 806 9
91 253 5
180 717 5
506 741 6
820 566 10
576 67 7
247 415 5
450 378 3
684 103 2
425 581 6
607 723 6
347 738 7
547 883 1
45 267 2
360 76 9
937 692 10
768 219 10
204 630 7
526 520 2
158 338 2
842 131 6
207 353 5
501 436 7
236 744 9
297 938 6
654 338 1
692 182 6
173 493 10
687 684 3
399 971 2
715 450 10
90 752 10
35 768 7
175 942 5
590 967 7
440 882 7
558 190 7
430 559 8
184 482 9
642 552 3
670 742 9
276 261 3
4 832 10
286 644 10
608 328 1
223 296 1
319 279 10
758 976 9
585 759 7
650 451 4
390 66 3
470 843 7
335 748 1
712 270 5
535 354 1
330 743 8
390 315 7
922 74 2
329 815 3
535 940 6
620 219 5
344 671 5
99 975 4
692 164 10
660 491 2
177 713 5
275 333 1
372 187 2
178 990 1
953 818 1
522 461 9
45 112 3
947 626 4
221 664 3
840 837 6
705 464 1
70 490 8
771 802 7
88 151 2
702 330 8
160 53 1
153 233 1
222 536 4
866 661 10
530 33 8
256 306 5
662 63 1
994 426 4
13 71 9
276 291 2
323 639 10
595 727 3
669 214 5
601 234 6
91 103 1
272 557 3
631 908 9
73 243 3
256 683 9
976 281 7
974 38 2
459 374 7
515 883 6
223 345 9
253 881 3
967 713 4
966 262 8
210 541 9
20 641 4
294 651 4
134 432 5
531 875 2
958 707 1
839 493 9
552 665 8
613 133 2
285 935 6
965 634 4
568 956 10
113 689 5
20 92 4
254 167 9
953 205 10
518 631 5
519 279 5
30 726 5
34 250 8
65 728 2
501 652 2
291 441 1
932 432 3
263 452 2
806 465 3
591 381 6
877 211 8
769 899 10
899 160 2
748 408 10
922 261 7
396 690 8
969 983 9
933 102 2
228 792 1
223 18 3
240 156 9
114 210 3
119 910 3
660 73 8
519 462 10
141 988 5
939 279 10
420 787 3
524 510 8
70 285 10
536 254 9
431 513 3
815 221 5
633 928 7
756 163 4
0 156 7
991 524 1
425 601 9
816 316 7
36 988 5
10 367 2
705 358 4
998 691 8
513 248 5
607 674 10
689 422 2
243 39 10
35 390 7
447 82 10
411 798 4
940 58 2
768 743 8
478 369 7
181 939 5
945 936 1
240 207 5
152 727 8
574 990 10
249 601 9
818 288 9
863 813 5
194 572 5
616 55 1
289 408 2
171 314 1
828 796 6
848 83 8
228 525 9
750 943 3
675 26 6
239 300 5
109 671 8
522 950 10
16 578 1
580 748 2
675 570 7
498 565 8
662 36 7
897 102 6
542 690 6
219 948 9
329 15 7
681 597 4
985 709 6
714 35 5
387 598 8
460 575 2
723 799 9
322 602 10
250 517 4
348 272 10
375 873 5
899 165 5
561 592 9
316 290 3
770 864 6
273 806 8
852 683 2
955 262 2
632 705 4
512 172 7
217 162 5
135 685 3
18 692 9
732 334 6
189 854 7
114 393 7
513 723 8
607 546 7
853 420 2
414 92 8
707 59 2
994 225 9
13 745 3
348 774 2
999 693 8
649 771 9
242 673 1
958 650 3
783 398 9
655 578 2
749 793 1
378 328 9
941 655 6
275 700 6
894 393 4
679 270 10
694 79 8
363 376 2
550 670 1
576 837 9
941 734 6
469 411 2
545 166 9
931 235 3
762 880 5
75 907 4
624 569 2
478 766 1
728 356 9
230 658 8
387 607 5
236 858 7
445 947 6
674 200 1
404 963 10
756 520 8
671 584 10
923 160 2
58 966 6
858 859 9
986 268 4
431 571 3
659 633 9
389 22 8
389 406 4
223 910 2
628 727 7
934 774 10
264 902 5
296 783 10
651 432 5
719 213 1
179 43 8
976 877 10
645 910 7
902 510 4
110 533 6
152 370 5
63 366 5
24 466 9
1 638 7
82 115 5
614 334 7
700 374 1
137 399 2
546 173 8
216 306 10
693 858 2
341 16 1
115 859 7
104 187 10
629 217 4
495 795 2
993 704 6
5 451 7
858 360 10
953 873 6
787 529 4
516 336 1
2 435 4
801 918 9
818 926 10
947 115 1
65 253 1
406 126 2
832 61 2
430 111 10
815 315 3
624 435 1
729 353 1
383 405 5
259 142 8
778 929 6
773 821 3
721 311 7
96 501 10
638 343 3
781 966 8
867 303 9
287 99 4
139 652 2
911 715 8
200 969 10
311 56 8
910 407 10
173 306 6
96 374 6
50 183 6
289 674 10
656 553 4
429 257 10
909 544 3
57 259 1
225 243 9
51 241 9
682 875 6
491 226 2
474 477 10
252 454 8
21 396 6
715 136 7
386 473 8
618 401 9
607 62 10
12 218 8
447 792 4
226 818 9
956 241 9
501 930 10
84 588 4
174 551 8
89 432 10
324 579 6
239 577 2
276 310 5
870 208 2
605 480 1
929 468 8
751 135 9
508 511 5
687 976 10
167 253 8
113 427 9
485 989 2
530 976 5
300 961 2
980 287 5
94 637 3
24 482 1
265 697 4
175 584 5
517 851 9
56 763 9
994 631 9
997 746 7
375 572 10
7 500 10
955 806 9
421 402 5
205 759 6
359 497 5
976 413 5
214 470 6
746 306 1
291 939 7
470 384 1
708 494 3
325 750 4
745 69 4
167 227 10
489 614 10
85 542 10
949 683 6
536 991 8
964 501 5
148 829 6
111 312 5
44 702 4
566 958 10
46 718 2
297 661 5
311 33 5
498 48 1
993 292 7
59 279 10
190 231 8
452 60 1
332 83 7
909 798 3
17 733 6
475 163 1
570 205 8
616 179 5
908 484 9
12 756 1
421 187 6
863 172 10
871 235 8
171 900 6
175 267 3
782 582 8
952 918 4
808 85 8
898 0 4
11 300 2
979 228 3
933 358 4
550 934 8
606 329 7
950 357 1
934 282 6
97 528 9
293 395 1
54 312 4
173 659 4
191 828 8
647 125 9
482 556 2
277 512 5
955 862 2
235 493 2
435 911 7
729 394 5
157 705 7
91 798 2
442 190 9
969 840 1
377 488 5
659 461 7
131 599 3
85 63 4
807 235 9
66 794 7
588 52 8
518 637 10
673 142 3
500 367 5
356 562 2
961 704 8
489 243 5
867 939 8
577 450 3
730 272 7
432 647 8
2 292 3
597 585 1
704 70 7
249 937 10
478 247 2
246 606 10
187 126 10
294 995 6
540 950 9
586 138 2
371 643 6
159 640 8
595 661 6
365 48 2
923 987 5
446 889 9
423 935 9
975 667 9
675 270 4
376 44 9
169 723 2
711 436 3
341 53 2
253 685 10
132 728 3
239 464 3
500 859 9
89 92 6
605 13 8
383 615 3
876 535 5
253 854 6
398 336 4
443 938 2
138 32 5
226 789 4
366 151 6
111 552 2
607 310 7
483 834 6
930 364 5
669 749 6
484 596 1
559 500 1
761 987 8
814 961 1
734 159 6
509 879 7
890 327 3
692 272 2
669 809 7
622 912 10
895 678 4
633 800 6
0 825 9
174 595 5
687 603 1
7 129 1
975 927 5
261 198 9
458 307 10
564 469 7
879 998 2
724 56 8
237 521 2
463 556 8
424 834 2
549 630 9
784 638 5
329 753 6
39 24 1
491 726 9
709 710 6
826 172 3
71 176 6
277 224 9
398 949 7
954 557 8
796 531 8
229 976 6
627 269 3
106 905 5
310 237 10
882 37 2
19 341 9
895 129 6
960 606 10
535 815 8
979 541 8
939 373 10
447 516 7
282 630 6
419 686 8
145 668 8
433 770 4
544 416 2
545 992 1
851 30 4
164 31 6
534 323 6
147 118 8
727 997 9
460 866 6
904 872 4
414 759 1
696 697 5
627 703 2
42 286 6
880 435 3
428 469 9
640 947 9
650 712 1
780 991 4
594 506 6
998 198 8
675 987 6
899 999 9
389 271 6
636 352 10
340 414 4
742 119 6
658 494 4
707 188 9
839 54 10
49 666 10
579 183 4
400 289 9
533 991 2
754 524 7
605 403 5
783 153 7
386 93 8
221 738 3
313 309 1
484 22 8
70 133 5
631 947 5
19 979 1
510 4 3
341 398 9
413 925 1
745 435 8
761 436 5
731 785 2
260 32 2
512 244 4
658 661 3
483 303 1
39 585 3
723 462 8
42 903 10
493 831 3
926 728 9
856 933 6
832 529 3
348 620 1
817 718 9
457 423 5
644 519 3
457 127 3
428 357 3
973 339 4
962 141 10
333 290 5
344 369 2
524 120 1
573 161 7
590 589 10
488 751 6
811 445 3
848 938 7
799 564 9
261 927 5
30 506 4
445 700 1
472 849 2
420 15 3
268 960 8
771 96 7
779 157 1
922 584 10
47 316 3
26 885 2
243 629 10
899 984 5
547 256 4
523 342 8
998 66 2
834 747 1
368 619 9
745 6 6
563 52 9
860 546 6
364 157 2
872 20 5
35 876 1
370 951 9
560 814 7
460 468 7
540 923 1
714 702 10
654 668 3
716 596 3
67 213 2
961 428 2
147 127 10
407 721 9
915 899 1
129 67 1
908 489 5
749 435 1
845 142 3
438 524 6
790 367 7
684 273 3
381 462 6
858 277 5
139 768 6
872 461 8
787 818 10
174 756 8
19 934 6
526 985 2
56 885 6
500 718 7
385 175 3
815 236 10
31 146 4
197 733 9
671 534 10
116 52 6
409 999 6
206 990 7
346 392 4
568 401 1
620 376 2
490 318 1
380 742 6
901 853 10
507 275 2
773 991 10
230 228 9
649 423 1
997 401 6
127 1 4
264 927 4
963 533 4
246 564 5
819 573 6
608 754 3
953 565 2
704 619 6
869 132 6
9 837 10
960 476 5
439 159 3
183 108 5
752 458 3
735 38 2
939 377 9
433 768 2
646 50 6
715 748 5
531 138 7
657 145 10
153 143 2
800 680 10
416 355 6
432 653 6
224 363 2
313 769 3
716 254 10
566 83 6
348 966 10
654 962 6
62 888 4
379 560 5
627 366 3
712 912 1
988 660 2
416 303 3
285 209 10
608 813 2
761 709 6
524 938 8
289 128 8
682 278 6
115 901 7
32 560 6
2 75 9
967 858 10
570 901 10
362 892 2
707 761 10
532 797 3
911 786 3
552 646 4
385 169 7
378 706 7
183 252 2
168 196 6
320 930 9
184 204 3
834 964 1
248 570 7
630 465 4
509 283 3
319 471 1
488 354 2
724 200 1
41 511 5
0 548 10
162 311 8
67 270 2
248 12 5
98 502 3
530 471 8
68 411 1
345 171 8
279 120 4
61 272 1
497 872 9
431 651 4
946 791 5
363 312 2
890 135 10
154 702 8
342 487 4
788 131 8
237 496 1
456 141 1
249 944 4
783 921 1
237 188 6
168 256 2
800 229 5
719 572 8
50 439 2
119 352 7
398 442 5
145 367 2
263 796 1
663 816 5
103 773 5
370 188 5
685 896 5
461 962 3
289 331 8
823 809 6
33 366 1
838 392 9
69 615 10
579 87 2
443 353 8
474 598 7
503 947 6
602 452 5
332 129 3
43 844 9
293 592 1
406 879 6
839 136 1
712 974 2
244 130 6
771 58 4
101 233 1
587 681 8
364 301 8
860 911 4
273 207 9
43 45 3
59 342 6
145 615 10
285 490 7
194 597 3
828 635 3
632 514 2
849 200 10
564 102 2
602 537 4
190 245 8
498 851 6
181 953 6
213 287 5
752 8 3
469 256 10
257 72 7
743 453 1
933 476 3
537 489 9
686 161 3
204 109 2
82 224 2
706 273 2
417 976 8
390 887 8
607 661 3
259 965 4
386 883 7
719 257 2
969 644 4
756 974 8
881 479 4
242 571 7
706 186 2
834 436 8
795 401 7
668 838 7
612 535 10
760 557 6
954 215 9
257 392 6
621 384 6
771 947 6
463 725 2
423 252 1
344 736 2
664 428 3
73 356 2
620 618 5
238 373 7
552 976 8
326 428 5
897 270 3
732 47 4
967 256 7
273 25 2
96 750 10
361 523 3
919 580 3
889 696 7
463 36 5
715 74 3
364 950 2
449 785 9
39 474 10
461 470 2
246 157 7
735 923 2
872 346 3
224 899 1
945 222 2
513 831 8
549 542 1
408 416 7
670 256 3
402 428 3
983 432 4
599 211 8
218 657 6
791 867 1
922 379 1
330 399 8
417 955 9
568 637 8
725 28 6
52 334 3
949 816 4
696 382 6
386 704 10
674 274 9
116 450 10
665 406 7
591 436 3
783 228 7
24 219 8
484 794 4
730 528 6
442 536 2
101 370 4
751 991 3
594 898 2
880 485 8
418 944 2
15 584 4
811 613 10
128 235 3
517 747 10
611 32 9
714 918 7
641 488 2
169 339 9
612 914 9
652 599 9
421 283 7
137 20 8
478 218 9
554 142 10
6 238 7
451 272 6
615 348 10
194 517 3
867 249 6
304 536 2
568 952 9
691 602 6
156 515 1
258 747 4
717 795 7
873 73 1
484 94 2
728 994 10
304 284 5
993 19 1
213 290 7
508 304 7
607 475 2
536 97 2
766 280 9
896 771 8
434 936 9
453 273 10
69 120 4
736 924 6
417 428 9
109 552 9
27 952 8
320 499 10
998 783 6
448 681 8
216 942 9
617 969 4
531 736 5
403 172 3
292 930 2
904 533 7
428 142 10
203 319 6
402 977 6
982 67 8
999 388 3
654 86 10
952 684 2
12 40 7
220 278 8
381 223 6
874 291 2
530 366 4
250 403 6
928 893 3
605 436 7
386 952 3
493 441 3
973 93 7
122 701 6
271 594 4
463 947 4
816 851 6
422 227 3
279 338 9
271 474 6
170 854 2
931 860 7
478 816 7
48 151 7
631 635 2
380 971 1
161 603 4
611 871 10
631 12 10
199 969 3
135 92 8
776 7 8
184 708 6
108 99 4
59 978 3
461 188 3
50 546 8
929 858 4
126 799 3
745 741 6
971 152 9
407 217 4
562 790 4
912 670 2
598 652 10
264 712 6
615 345 8
105 773 1
663 302 10
142 175 6
660 226 9
195 221 5
962 323 8
84 610 4
532 722 6
248 404 10
362 193 9
576 779 2
404 842 8
703 650 4
426 748 2
102 841 4
280 358 1
223 873 8
292 325 3
221 793 10
936 288 8
11 731 2
931 51 3
547 5 2
683 429 8
153 197 4
470 558 1
87 83 5
450 643 7
626 967 9
571 129 1
135 161 5
601 585 5
868 418 1
23 560 8
11 804 7
804 725 2
205 987 4
858 387 10
927 199 1
635 956 7
837 458 1
568 513 8
515 330 2
358 499 6
724 768 9
799 381 10
407 342 4
903 518 10
841 18 8
166 299 9
513 79 6
999 545 6
363 961 10
434 677 1
407 676 10
372 266 6
35 276 5
461 180 7
589 226 7
764 446 6
370 977 7
885 451 10
343 287 2
992 466 3
5 204 1
610 711 9
915 946 1
736 871 3
843 687 2
114 122 8
505 880 10
721 916 4
413 539 9
652 741 6
920 756 1
883 395 1
697 791 4
431 167 3
467 462 8
754 831 5
206 8 2
273 268 2
502 688 3
235 947 6
45 288 8
750 268 1
698 58 3
86 970 10
100 463 2
775 730 8
141 55 3
455 97 2
565 643 1
285 713 3
487 28 9
865 930 5
919 687 6
891 461 4
538 275 2
738 38 10
966 605 7
949 102 6
51 420 8
677 1 8
606 996 7
699 346 4
873 220 1
110 114 6
408 941 9
567 928 8
864 366 8
896 156 4
8 490 9
752 895 1
252 903 5
298 292 9
471 808 7
677 768 10
73 499 5
237 557 7
119 430 7
295 639 5
635 580 9
962 469 8
425 706 10
141 825 9
331 464 2
63 954 3
480 650 3
868 559 6
702 472 1
515 195 8
984 413 8
13 584 6
925 519 1
266 918 10
323 69 10
996 969 6
274 554 9
918 498 7
702 869 10
466 39 7
780 44 7
37 127 10
531 558 8
588 690 10
953 654 10
403 745 2
293 181 1
939 233 1
111 129 6
64 992 6
395 310 3
49 542 8
379 408 6
673 590 8
43 628 8
91 397 2
536 351 1
687 848 3
231 472 8
62 100 2
779 291 2
818 466 1
679 232 3
126 818 7
231 538 5
269 872 9
956 795 7
708 545 3
584 490 6
619 330 10
283 499 6
759 431 8
922 350 1
750 887 2
404 436 6
391 687 5
278 902 7
978 328 1
577 730 9
825 12 10
317 185 8
887 921 2
989 631 8
428 685 3
325 975 3
356 155 5
684 403 5
748 53 3
174 84 6
224 337 5
678 837 1
803 361 7
549 842 7
61 353 2
547 541 2
253 926 2
943 610 8
412 659 4
250 953 2
969 166 6
516 799 4
486 539 1
7 0 4
51 230 3
117 68 6
179 444 9
818 835 1
497 580 6
50 127 8
130 672 1
787 516 4
957 99 10
238 143 7
222 976 1
717 681 7
127 504 2
67 207 4
194 443 5
968 691 10
701 304 10
47 737 6
328 680 1
339 558 10
83 177 8
5 319 3
59 259 4
443 160 3
481 421 6
213 856 3
115 362 8
640 393 5
787 921 7
540 159 4
687 370 3
219 211 6
928 753 9
692 531 3
251 224 6
818 575 8
881 565 8
114 763 10
296 9 6
473 419 8
890 589 7
630 799 10
240 372 4
645 388 9
771 381 3
99 528 1
486 893 9
923 800 2
153 189 3
995 516 2
640 143 9
833 117 1
868 449 10
124 185 6
591 1 8
63 307 8
327 551 9
980 643 5
808 834 7
368 247 4
244 303 10
41 967 8
414 523 4
427 93 7
629 938 8
829 822 8
551 921 5
973 265 4
992 309 5
338 115 7
502 385 10
858 114 10
707 350 1
76 135 5
744 670 3
848 842 3
825 582 5
768 322 5
674 16 3
531 475 3
153 509 2
273 878 9
237 153 8
217 482 3
281 558 6
288 351 10
997 474 2
5 502 8
263 116 5
534 540 9
112 243 8
516 77 4
148 813 8
489 622 8
837 534 10
491 832 9
487 305 8
545 536 10
608 388 1
102 358 7
305 291 10
261 825 2
43 576 9
414 670 10
3 307 2
808 91 6
308 771 4
743 921 2
111 754 3
895 40 5
550 901 2
91 461 6
969 742 3
868 568 8
633 626 6
952 857 7
972 723 1
90 129 3
402 491 6
744 534 7
85 715 7
726 162 9
667 467 3
635 17 3
467 155 9
330 829 5
508 386 10
156 961 9
965 20 8
863 538 2
268 387 4
673 404 9
592 581 1
700 155 4
643 857 4
748 611 9
297 855 5
483 103 8
398 577 1
633 144 5
197 299 8
970 469 1
597 274 2
268 859 2
712 684 7
437 439 9
839 639 8
554 0 1
110 94 7
488 932 9
139 668 5
480 53 8
473 717 4
552 351 4
620 623 6
254 578 6
318 230 8
753 555 2
232 770 1
244 436 6
939 719 9
118 923 7
961 48 3
591 34 5
67 9 10
95 390 3
580 546 6
971 226 9
801 468 8
586 139 8
864 506 3
466 759 6
697 989 2
261 941 2
179 669 10
953 356 4
929 148 1
716 459 7
769 292 7
897 344 1
817 351 3
509 992 7
543 431 5
436 578 9
584 399 1
131 433 2
273 596 5
956 298 9
769 691 9
331 892 8
789 415 4
812 69 9
406 776 8
995 759 5
464 714 5
160 389 2
573 430 4
248 89 1
372 384 2
559 743 8
227 495 5
755 223 7
518 664 1
870 82 8
559 539 8
632 992 2
57 883 4
902 869 6
251 127 1
567 689 6
444 596 9
671 227 10
768 78 9
680 960 1
87 1 5
984 559 6
921 67 9
121 513 2
760 572 1
979 81 5
462 777 1
313 484 10
230 883 6
442 785 3
397 156 1
122 956 4
964 180 7
450 708 3
28 921 5
96 425 10
371 167 5
424 567 3
814 567 1
734 202 4
113 50 8
24 604 10
26 475 10
290 590 2
372 828 4
168 832 5
936 718 7
124 141 4
945 574 1
719 266 4
743 653 9
641 755 1
927 86 1
460 589 2
950 785 9
419 411 6
184 951 5
596 586 2
426 86 10
177 962 5
660 769 1
767 704 6
193 25 3
300 444 9
78 17 9
29 350 1
26 649 6
758 447 7
220 557 5
280 373 5
129 35 3
506 623 1
247 30 9
204 488 2
920 32 4
707 160 9
51 87 6
162 807 6
495 925 1
167 15 10
313 834 1
349 231 9
776 320 6
19 153 4
138 381 8
483 263 7
793 382 8
153 961 8
250 776 7
346 715 8
476 872 10
885 875 5
371 48 7
609 143 6
758 862 9
288 996 10
202 546 1
199 611 2
842 250 2
982 978 3
738 55 2
337 353 9
360 96 2
998 166 8
212 967 3
31 492 4
329 478 3
126 726 7
302 622 8
598 208 9
616 593 7
250 97 7
391 421 2
686 295 7
672 711 7
591 798 2
475 757 9
297 951 4
392 536 6
800 259 4
820 127 9
445 672 3
897 703 3
524 435 2
851 798 10
259 298 9
159 757 4
566 553 5
406 910 2
762 983 10
393 993 5
415 561 4
297 774 6
650 981 1
471 465 6
769 646 8
666 209 8
969 351 1
434 500 1
40 784 10
180 463 6
248 170 9
929 442 4
215 551 1
526 294 1
443 21 1
139 634 5
246 64 4
415 179 8
309 305 9
449 530 10
175 234 2
539 484 7
372 11 1
327 463 8
165 291 4
798 271 6
554 547 3
508 305 7
318 692 2
822 349 1
931 400 3
252 464 5
469 834 3
152 333 7
534 550 5
970 541 2
981 862 4
998 965 2
596 145 10
330 254 5
395 167 1
623 143 2
300 61 6
747 405 10
549 215 4
635 569 10
157 155 8
770 880 6
640 576 3
333 412 4
416 226 3
313 551 2
598 211 5
992 781 4
858 540 1
71 132 1
711 708 1
406 161 6
610 762 3
893 959 9
489 680 6
814 340 10
899 363 8
35 555 3
896 999 8
980 10 2
167 731 3
732 42 8
749 163 2
487 753 10
864 701 9
898 497 4
741 965 1
336 853 4
471 925 9
416 224 4
135 427 3
508 16 7
312 819 1
319 189 8
705 280 5
98 54 3
888 895 6
642 819 1
356 751 4
201 723 8
370 714 10
955 474 5
710 107 9
150 637 5
737 741 6
264 881 3
38 829 9
929 53 10
653 944 7
735 879 4
808 286 3
74 10 9
782 404 10
911 964 10
122 433 9
375 571 9
565 660 6
331 237 8
498 611 10
966 496 9
19 702 4
451 772 5
356 549 3
290 446 8
617 947 8
170 23 8
397 718 5
208 877 4
141 989 2
230 523 10
345 610 8
58 150 5
594 878 1
619 808 6
99 389 8
811 364 5
145 533 1
372 205 5
774 227 6
967 373 9
130 764 5
837 90 7
696 430 7
615 359 2
186 143 1
704 485 6
298 474 9
777 685 8
706 76 6
886 201 5
678 405 7
155 777 1
957 933 8
541 119 9
617 531 1
434 890 5
203 531 9
132 112 5
267 785 6
208 937 7
672 519 8
164 210 5
598 892 3
40 545 9
760 777 8
738 166 6
99 796 6
740 743 9
515 294 9
34 499 4
658 456 1
132 91 4
228 220 5
5 718 5
943 48 1
614 54 2
30 19 8
175 74 3
946 848 9
153 205 4
914 748 8
809 5 7
691 433 8
331 209 2
530 717 4
488 460 2
692 947 9
81 558 7
727 585 4
71 115 5
998 355 2
864 255 9
435 767 2
270 849 10
890 251 5
984 412 9
182 544 1
452 875 9
398 869 7
392 952 1
269 555 2
252 299 2
763 54 1
378 813 7
366 183 1
190 952 2
265 729 3
425 19 4
439 235 4
327 887 3
807 805 3
368 493 6
883 606 5
249 701 10
61 342 2
400 4 5
415 610 9
922 869 6
314 451 3
639 583 6
13 902 5
735 473 3
583 670 1
459 633 1
583 190 1
708 676 2
649 211 2
122 755 10
162 830 8
858 411 4
853 2 4
676 879 5
984 831 2
886 210 8
476 649 6
953 413 10
871 956 8
333 504 3
635 845 8
794 804 3
701 356 7
365 863 1
561 195 10
220 204 3
579 149 8
995 883 10
557 419 5
121 429 7
495 19 10
134 556 3
952 891 1
101 651 9
873 444 6
797 864 6
62 736 5
343 101 5
132 878 10
480 766 5
190 947 2
701 523 4
414 667 1
405 340 3
517 237 3
654 837 4
825 408 5
133 662 1
300 201 8
681 436 7
879 450 6
891 775 1
250 974 10
933 18 6
411 977 7
35 800 1
471 951 6
922 972 8
904 260 4
180 444 6
633 695 1
789 222 3
830 774 8
965 293 4
672 237 3
500 3 9
597 775 4
712 719 3
750 941 9
79 898 7
993 899 7
127 945 8
462 186 5
192 444 1
426 604 4
653 427 2
343 456 2
709 383 9
720 183 3
96 820 5
486 568 1
566 823 4
231 814 2
123 91 8
222 53 10
597 249 7
331 708 1
572 200 7
865 657 10
236 844 9
65 77 3
417 458 3
827 377 2
154 581 10
310 630 3
369 455 2
526 994 9
447 709 6
52 906 1
863 952 7
423 19 5
228 804 1
696 812 6
943 424 3
380 717 7
214 511 5
692 658 2
871 876 10
720 40 5
31 296 9
897 117 2
944 740 7
453 911 9
160 527 7
77 970 2
560 236 8
71 524 5
38 540 3
373 505 6
417 539 10
165 693 1
997 876 3
919 631 5
810 598 8
547 246 1
764 909 7
602 369 9
926 10 10
970 130 6
744 465 3
996 224 3
134 635 1
807 172 8
704 721 10
224 805 8
983 643 10
167 183 9
38 941 6
637 26 6
403 507 10
918 322 1
140 544 5
991 727 10
721 621 3
795 873 8
417 775 1
12 371 3
823 314 5
583 417 2
410 623 9
438 38 6
546 917 10
181 216 1
81 886 3
791 389 5
818 173 4
321 238 10
208 343 8
199 228 7
726 199 1
346 189 9
144 585 9
978 433 1
38 724 1
493 562 1
908 11 3
105 917 6
654 218 9
736 576 4
563 630 8
317 345 2
112 83 9
903 736 5
693 175 4
97 629 9
462 9 5
379 656 5
495 197 7
682 764 7
167 874 6
787 290 8
371 478 8
727 504 6
761 730 8
657 104 10
211 597 4
900 55 8
38 640 8
759 898 10
509 805 10
57 317 3
667 568 5
204 360 8
137 535 7
114 193 1
66 848 3
403 991 3
306 443 7
122 388 5
529 958 8
843 882 4
556 260 2
164 483 1
626 664 5
149 819 8
353 699 2
750 370 2
781 990 8
607 843 7
136 894 10
984 954 2
677 755 7
566 222 2
749 785 7
480 720 6
343 880 3
546 251 8
182 503 6
32 647 8
702 467 6
597 52 4
27 444 8
218 347 3
623 366 10
592 555 7
191 83 2
75 693 9
185 974 6
610 933 4
317 833 5
598 604 9
644 936 10
711 681 4
266 783 6
108 599 2
758 658 7
882 28 6
401 624 6
684 890 3
505 773 2
928 948 5
248 822 6
563 349 10
329 940 3
811 529 6
441 453 9
118 137 5
887 872 6
992 285 7
727 624 5
845 801 7
866 208 8
320 637 4
721 414 5
987 844 4
601 477 9
599 913 7
574 428 1
912 850 1
8 717 10
889 576 2
695 646 1
108 590 1
273 233 3
611 884 8
434 894 7
703 171 7
796 3 3
787 257 10
53 402 6
787 978 6
867 8 6
826 178 3
158 434 6
514 726 6
753 346 7
308 843 8
249 217 5
871 197 10
754 733 2
379 53 2
326 18 4
593 269 7
997 102 4
369 396 10
598 158 10
453 409 9
770 701 5
164 636 6
205 545 7
103 353 7
549 822 4
722 392 4
66 394 9
762 241 9
424 348 5
32 473 4
287 609 1
683 96 10
396 87 10
521 227 8
912 31 8
771 241 4
399 473 5
643 866 10
329 140 4
123 125 2
797 979 5
831 804 10
984 248 7
95 454 4
90 637 9
721 274 3
376 392 1
131 928 9
866 52 3
722 345 8
891 680 8
922 841 10
266 748 2
874 224 2
226 301 5
784 857 6
879 724 2
221 117 1
213 524 3
27 483 4
905 913 2
595 799 9
645 474 6
146 50 3
839 439 5
124 255 6
408 676 9
456 634 9
708 365 5
324 229 8
384 473 10
914 90 2
525 798 2
213 230 6
695 594 2
972 130 9
218 574 5
356 2 2
178 811 3
185 701 9
696 551 8
172 919 1
530 326 4
268 681 8
700 545 8
362 629 5
11 629 9
20 120 8
537 136 3
151 742 7
728 473 7
378 153 1
220 315 1
176 376 10
459 245 6
604 302 8
479 271 8
759 486 1
625 156 3
914 924 5
448 750 4
146 581 2
929 902 9
647 870 7
561 889 5
456 72 10
785 4 10
925 269 5
707 449 8
784 969 1
905 630 7
827 812 1
699 740 3
629 685 6
68 946 2
407 309 5
521 858 4
85 573 1
178 922 8
78 198 5
173 701 3
611 494 6
558 93 6
871 434 9
506 655 5
961 669 2
441 181 10
145 305 7
469 754 5
332 12 8
924 280 8
54 888 8
889 106 7
648 333 3
459 932 6
296 300 1
933 563 8
612 409 2
501 144 9
727 963 6
598 994 6
197 405 7
32 952 6
602 479 10
976 619 10
878 342 8
623 971 9
238 358 2
586 626 2
993 67 6
274 699 6
952 557 1
834 409 3
45 76 6
893 442 10
126 774 7
387 135 4
589 258 1
870 223 9
490 247 10
663 184 2
606 445 10
372 194 8
948 685 6
52 757 4
268 212 10
277 186 4
181 32 10
331 930 2
795 632 3
332 165 9
184 309 6
556 31 5
391 664 5
469 636 8
889 546 5
405 101 7
751 303 2
614 198 8
348 499 8
724 820 2
41 345 2
985 754 6
688 676 6
993 986 5
564 193 2
994 977 1
292 22 10
954 191 4
235 751 8
990 948 6
963 271 4
476 126 5
75 569 9
433 774 5
259 246 8
56 871 10
151 621 3
640 787 8
571 166 4
275 806 7
107 504 6
4 399 8
756 844 7
558 312 9
794 509 7
956 31 10
464 862 2
481 378 10
275 606 4
573 213 5
33 740 4
832 367 6
812 610 7
307 953 8
922 354 2
500 336 2
393 194 7
934 473 5
863 327 4
317 877 8
873 527 10
531 945 7
609 145 5
8 640 1
939 479 5
757 752 2
823 780 4
431 881 6
613 994 4
834 175 4
686 174 1
11 852 9
680 594 6
941 75 9
687 59 1
707 1 4
370 339 4
714 515 1
304 57 1
317 312 8
242 257 4
21 962 9
342 364 7
52 241 2
572 779 1
861 54 2
60 793 9
818 985 5
988 291 4
61 949 10
981 110 8
90 708 4
81 702 7
292 263 2
455 825 6
29 652 1
900 4 5
93 656 2
711 746 2
454 815 10
443 22 4
660 346 9
564 633 5
37 474 9
637 467 4
343 912 7
74 373 6
94 626 6
907 162 5
675 505 7
687 233 9
990 133 5
940 106 8
248 973 8
609 98 6
321 525 7
354 189 8
368 302 10
128 657 7
453 943 5
441 782 8
809 488 4
595 183 4
329 719 8
449 224 2
301 690 9
477 638 8
120 570 10
76 353 3
378 128 4
563 56 7
276 363 9
992 350 9
496 788 5
842 615 10
71 937 2
503 899 8
234 472 8
661 913 5
220 81 1
400 323 3
299 788 4
207 934 7
407 880 1
413 498 10
252 134 2
745 908 6
304 360 5
524 145 10
895 651 2
485 333 1
784 900 1
494 908 10
217 60 5
905 368 1
925 132 4
977 605 1
551 820 5
178 97 8
975 906 10
532 110 1
633 244 7
874 532 6
869 28 8
151 569 8
500 197 6
137 970 4
856 446 4
836 715 6
192 411 2
830 157 5
12 664 7
513 531 9
720 888 2
210 543 7
883 559 2
298 640 1
90 587 6
738 664 7
487 173 2
147 640 5
169 889 6
209 794 9
366 881 1
842 153 2
733 366 4
491 100 4
553 808 3
768 946 6
369 356 2
473 115 1
667 344 6
226 505 10
330 869 6
384 459 5
577 325 3
242 115 6
502 253 4
696 319 2
582 363 6
587 544 8
350 813 5
370 32 8
40 722 9
278 279 8
900 535 4
223 63 5
690 678 7
388 61 10
837 176 2
383 115 10
622 18 7
755 273 6
324 340 9
256 310 10
565 80 2
854 909 1
825 468 1
860 46 5
710 972 2
245 62 10
231 371 8
359 393 4
271 644 10
293 240 2
769 356 6
357 294 2
416 610 8
670 771 8
20 954 7
452 962 9
659 833 5
85 936 9
545 297 10
489 836 6
716 494 6
889 845 5
840 971 4
641 11 1
188 619 5
765 515 10
108 943 6
39 788 5
141 161 10
397 22 9
435 34 1
876 81 10
796 274 4
502 655 7
878 874 4
927 91 9
133 521 5
924 232 7
741 534 8
695 677 3
612 392 8
726 671 6
154 846 7
955 635 3
760 337 4
240 146 9
502 325 2
929 842 10
630 914 5
707 234 8
617 576 10
714 998 10
223 179 1
261 887 8
529 732 8
210 616 5
62 863 5
4 471 3
96 335 9
660 239 4
55 716 2
145 540 9
231 550 3
250 424 5
5 230 7
139 241 2
370 75 3
709 93 8
442 623 6
407 942 3
254 557 2
535 89 9
93 611 5
825 87 5
564 437 8
460 755 4
724 941 7
512 495 6
389 85 2
735 915 6
34 926 1
392 540 9
166 754 2
666 231 6
479 818 8
868 644 2
603 158 8
635 926 8
462 659 10
237 824 2
61 863 1
116 670 5
617 250 10
148 456 8
616 41 8
539 655 9
467 655 10
305 224 6
139 674 9
723 788 2
954 205 9
678 49 10
450 806 8
265 987 2
359 627 5
908 404 5
209 234 8
896 556 1
130 739 3
289 528 4
105 796 9
375 876 4
144 717 2
720 23 7
228 705 3
446 192 8
712 600 3
817 681 4
654 190 2
244 563 5
753 704 1
604 591 9
194 86 8
407 908 6
328 22 9
446 745 4
221 635 1
214 943 4
923 41 6
920 676 2
954 35 4
763 286 7
912 24 8
287 359 4
715 886 8
378 351 7
765 879 6
388 241 7
702 320 10
180 807 9
321 164 7
868 381 3
55 916 3
369 536 4
172 135 9
903 203 2
755 174 2
828 772 9
441 787 7
553 621 5
197 359 10
253 111 1
43 461 8
157 818 9
537 900 10
896 544 1
76 381 8
5 852 8
787 381 10
572 294 5
312 293 7
990 826 2
299 389 1
225 632 4
539 291 7
72 346 7
315 570 9
129 936 4
673 136 2
591 362 8
222 90 7
112 506 9
384 47 2
537 552 2
855 736 10
512 487 4
515 290 4
816 7 6
74 692 4
6 300 5
556 30 6
288 254 10
246 417 8
867 712 1
695 860 10
18 239 2
468 969 1
887 6 1
132 841 7
400 872 7
88 813 8
752 110 3
243 899 10
281 123 9
74 729 6
239 809 10
180 375 3
937 879 3
662 937 10
161 572 9
672 840 6
582 272 6
221 726 8
367 958 6
912 975 1
81 834 9
450 881 4
550 495 5
276 105 1
386 733 9
155 89 3
137 437 5
367 767 7
170 429 3
673 565 10
869 573 9
377 657 2
191 424 2
216 107 4
794 887 2
700 437 7
846 904 1
735 539 1
728 598 1
26 285 6
156 834 2
177 875 4
544 884 7
188 509 8
365 383 1
301 328 5
913 105 6
110 917 9
885 339 5
637 486 5
367 281 1
348 142 2
6 26 2
743 702 2
187 876 7
185 567 10
502 593 6
603 934 6
221 265 9
456 611 1
868 842 10
357 35 4
391 255 1
151 233 10
628 972 7
702 740 8
896 28 4
294 167 4
299 863 7
485 988 2
793 137 1
542 787 10
170 884 7
290 681 7
687 321 3
352 767 2
650 242 3
416 329 2
35 333 4
479 834 8
240 352 7
518 609 10
274 746 7
165 294 1
940 112 5
678 718 2
862 626 5
669 916 1
32 983 9
572 352 5
124 348 7
641 302 10
838 68 7
757 931 7
384 727 1
752 401 3
773 60 6
689 835 9
217 308 4
269 477 7
574 120 2
89 996 5
352 741 9
240 867 6
840 697 2
947 285 4
13 692 6
943 565 4
79 352 8
598 798 1
868 821 8
603 793 1
704 78 7
849 735 5
457 213 7
99 64 5
858 814 2
381 420 2
377 570 8
878 45 2
535 320 6
151 656 1
459 853 3
96 6 5
979 619 5
379 177 10
970 48 9
598 385 2
417 315 1
390 765 5
515 481 7
888 771 5
149 665 9
639 814 4
451 808 1
197 148 6
439 860 4
928 980 1
236 130 9
224 293 7
853 555 6
766 962 2
328 206 9
664 791 6
110 531 3
67 910 2
746 157 4
719 115 9
343 367 1
354 686 4
54 391 10
287 306 5
188 82 2
444 373 10
563 903 1
310 167 2
32 686 2
921 4 3
245 652 2
445 74 3
436 370 8
251 48 2
838 115 3
884 342 6
265 856 4
984 146 2
978 887 6
335 635 1
987 944 6
502 424 8
936 423 6
356 300 1
323 890 8
377 145 2
303 601 8
714 649 3
429 470 1
749 357 4
669 150 1
968 290 10
2 685 7
103 142 4
498 649 5
683 297 5
355 717 1
970 607 2
874 776 4
990 724 10
645 332 6
724 782 10
992 270 6
193 466 10
966 874 2
230 334 8
897 550 5
229 474 9
804 989 9
552 283 10
489 161 8
361 758 6
114 320 5
637 362 7
465 851 10
843 587 2
315 378 3
307 609 7
73 31 6
427 753 8
66 933 8
579 124 8
979 860 9
723 935 5
497 143 5
156 325 10
91 46 6
885 110 3
743 875 3
809 713 7
600 38 1
736 893 7
436 658 9
337 278 8
142 859 8
381 614 7
663 815 3
14 951 1
975 132 3
284 480 1
416 508 8
837 361 2
189 515 2
479 767 7
529 909 10
662 366 8
869 432 9
159 105 2
752 956 7
718 535 5
608 806 1
643 245 8
3 483 2
21 430 4
179 811 9
885 202 5
457 332 6
348 667 7
276 887 8
807 883 8
567 598 1
103 281 9
317 636 1
918 238 2
491 353 1
586 756 7
723 636 3
971 498 9
768 761 4
130 798 4
915 540 5
84 559 7
51 585 8
345 154 10
39 808 4
401 850 2
533 36 5
443 555 1
60 22 10
853 661 2
911 567 4
821 648 1
32 340 2
493 436 1
726 585 3
82 720 6
775 727 7
687 230 7
332 415 9
598 114 5
760 118 2
423 422 5
273 789 4
212 74 10
516 174 10
955 557 10
664 227 2
821 96 1
893 636 5
796 39 8
31 262 9
52 830 3
451 46 9
13 40 2
429 918 7
514 280 10
779 552 7
689 587 3
117 414 9
291 382 1
325 206 5
924 262 6
365 889 7
822 114 6
954 290 1
839 926 8
513 967 1
226 186 4
156 770 5
241 7 2
213 723 5
787 976 10
85 938 9
767 765 6
556 430 2
588 403 7
533 80 3
226 804 6
374 534 5
167 800 1
137 731 9
787 369 7
534 500 2
581 201 2
443 945 4
210 806 9
929 345 9
722 131 6
552 134 4
418 227 3
833 675 10
844 638 8
80 639 7
358 801 6
929 391 1
57 611 1
182 955 8
229 871 4
217 806 6
307 582 7
370 272 6
69 451 6
883 718 3
469 777 3
970 945 9
810 953 7
893 881 10
621 298 8
935 322 8
601 109 10
538 778 8
933 627 5
470 291 7
609 563 6
845 728 4
416 118 10
457 848 4
675 223 10
425 1 10
195 326 1
66 940 10
24 50 6
743 24 7
403 116 3
149 474 5
591 369 6
710 968 10
195 816 8
715 576 6
594 56 3
723 190 2
988 510 1
412 570 3
519 88 6
139 724 9
784 82 10
656 796 4
380 756 8
893 573 4
524 553 2
637 537 9
570 284 9
214 346 2
18 235 4
202 327 10
646 884 2
589 809 1
973 104 6
847 559 1
639 97 1
504 703 5
586 148 5
994 326 3
483 391 6
379 622 2
308 174 1
339 100 3
658 34 6
125 694 1
64 741 8
955 879 7
553 842 1
908 705 9
411 2 6
468 76 6
667 58 10
242 883 4
195 182 3
430 61 4
603 472 7
874 584 7
422 802 2
118 684 5
512 194 10
176 188 7
189 591 6
355 469 1
494 513 3
111 500 10
147 47 6
987 439 2
431 364 4
313 414 3
898 450 2
674 589 4
919 874 5
974 900 1
525 196 3
175 102 8
477 705 2
486 242 3
488 913 8
472 58 4
588 816 9
2 951 4
120 436 2
843 202 6
519 529 8
44 634 5
110 745 9
815 481 2
397 25 4
226 531 6
491 688 8
517 49 5
777 295 4
462 448 1
749 763 7
593 832 4
863 967 2
925 438 6
701 338 8
177 365 6
40 421 9
870 599 7
804 264 2
92 421 2
83 444 3
419 372 4
803 452 7
387 280 4
614 723 4
967 695 2
806 776 10
334 512 10
55 283 8
755 839 3
299 203 5
658 427 7
943 588 1
210 831 10
2 447 10
604 683 9
133 678 7
696 488 6
128 863 7
384 136 9
93 873 3
355 10 2
300 421 10
717 950 9
170 961 1
758 31 3
605 998 4
439 928 5
33 518 4
894 658 4
865 924 3
864 768 10
762 219 5
260 539 8
111 773 8
746 118 7
367 49 10
738 128 6
529 279 2
768 249 10
945 702 7
736 110 2
173 539 5
952 384 5
360 738 9
173 887 7
726 424 3
749 252 7
710 914 5
552 362 10
157 479 8
490 921 3
674 648 9
868 952 7
146 869 1
763 67 10
433 91 10
99 700 4
436 430 4
339 638 10
802 927 5
84 176 5
625 639 1
330 424 8
605 300 4
645 241 2
535 498 5
214 920 10
282 202 10
883 163 5
25 337 10
581 198 4
257 578 9
419 881 5
337 313 2
703 361 8
800 38 9
543 313 5
649 502 2
676 16 4
884 195 2
377 989 3
870 627 1
512 836 10
261 969 5
733 526 6
20 134 8
959 690 8
70 515 9
510 959 4
895 351 6
108 241 1
273 4 10
690 30 3
747 995 6
217 336 8
588 399 5
625 865 7
675 756 2
796 244 2
880 287 8
659 724 1
931 753 4
567 710 2
841 606 2
267 878 2
479 488 7
981 805 6
330 689 7
522 24 5
200 848 8
399 738 9
10 152 5
462 399 8
915 326 6
731 476 7
835 887 4
525 198 1
270 93 7
775 599 3
815 796 4
433 110 4
361 691 5
563 592 7
883 48 1
167 732 2
932 493 9
826 125 8
617 722 4
871 953 7
147 290 4
233 206 6
187 73 5
257 260 2
925 310 6
683 390 6
581 423 4
805 120 1
750 426 5
790 2 7
306 959 7
354 490 6
434 130 7
38 796 5
434 290 10
559 294 3
79 103 2
256 45 3
507 22 10
649 519 3
359 399 2
880 197 9
588 993 8
323 178 1
494 693 10
54 710 3
411 533 3
818 820 5
984 64 1
0 2 3
234 418 9
522 171 1
991 539 4
60 959 9
876 298 2
652 291 4
27 865 5
864 483 10
823 777 7
483 167 9
867 619 9
904 702 3
57 375 8
788 432 4
418 785 6
609 130 4
261 447 3
198 701 4
213 498 9
179 483 10
5 168 3
342 769 5
236 807 2
855 731 4
161 502 3
793 703 1
880 515 3
937 587 10
928 301 3
948 141 1
372 768 10
835 362 7
53 882 7
430 299 2
86 69 1
100 827 3
634 733 3
327 698 1
982 179 2
856 817 10
246 195 2
610 751 2
645 3 10
450 829 10
558 693 2
851 624 10
781 96 6
757 610 7
620 832 2
378 355 3
188 903 10
198 435 7
812 82 4
261 73 10
840 764 2
845 114 3
528 333 1
239 229 8
819 856 1
408 47 3
529 558 6
617 942 1
113 802 3
630 975 2
394 958 2
980 213 3
219 459 4
971 336 5
401 981 1
932 399 5
286 927 6
802 390 10
689 993 6
313 597 2
949 692 9
890 111 10
850 778 8
326 369 1
741 4 9
490 212 2
378 313 2
329 191 3
298 679 6
303 160 2
401 353 7
610 673 2
979 974 6
282 141 4
789 990 9
115 830 7
226 381 9
627 601 8
490 956 8
170 448 4
247 893 8
642 599 9
534 275 8
83 600 8
565 749 4
946 209 5
822 464 7
668 729 1
134 218 2
277 89 1
83 761 5
63 466 3
405 661 5
755 339 3
208 493 6
934 915 5
541 76 4
905 55 8
2 840 8
536 162 4
498 954 10
98 187 6
580 712 6
805 825 8
27 164 6
677 125 3
921 177 2
255 39 4
751 436 6
461 370 5
592 77 8
872 18 1
283 42 1
528 55 2
608 644 3
487 310 6
192 846 6
757 266 9
779 198 8
368 107 6
975 721 1
754 908 4
201 801 9
322 166 10
219 410 1
826 758 1
86 424 5
698 374 8
354 732 5
404 498 2
877 741 10
9 565 9
610 627 4
565 902 10
547 753 2
913 342 4
775 227 8
353 318 6
116 170 1
443 942 10
588 331 5
786 198 5
179 204 1
738 544 3
429 677 7
759 325 3
627 825 10
884 276 9
244 375 6
681 510 5
410 389 1
552 722 6
834 528 4
166 585 4
62 632 5
183 380 2
654 420 7
236 572 5
976 487 5
445 659 1
629 37 10
929 67 3
344 293 8
964 179 10
633 958 7
565 141 10
693 566 7
131 248 4
946 954 9
784 285 2
426 260 2
556 467 6
423 737 3
238 189 9
353 447 6
792 736 6
689 849 5
585 875 2
717 679 7
70 275 2
62 223 8
823 522 2
83 324 6
174 513 9
643 97 1
270 523 10
88 241 2
5 548 5
690 839 7
625 672 5
343 83 5
93 236 9
99 671 10
99 273 9
473 765 4
593 604 7
702 552 1
726 321 2
50 623 1
512 945 1
937 262 7
199 214 5
40 262 7
679 673 10
973 443 8
631 794 8
767 370 2
786 121 4
716 685 9
747 218 5
742 909 4
859 234 1
737 638 3
56 789 9
867 400 9
844 721 3
275 603 1
616 348 6
475 542 2
276 872 8
494 101 10
409 118 9
503 412 1
357 678 1
432 999 9
920 924 7
854 948 8
853 516 4
296 860 4
393 775 5
991 982 3
722 930 3
683 844 7
590 502 9
708 685 10
846 483 8
70 613 9
302 764 8
249 843 9
657 267 8
249 966 4
217 244 8
719 587 5
5 339 4
522 122 5
253 959 7
404 509 8
273 318 9
656 981 10
360 166 3
105 115 1
816 681 3
683 479 3
1 641 1
880 448 8
61 584 6
537 946 8
75 485 7
683 793 9
656 29 10
806 783 9
938 570 8
926 262 8
76 283 5
85 888 5
85 474 9
8 795 3
198 489 6
402 617 10
14 178 5
869 431 5
251 78 10
75 257 8
717 932 7
8 703 10
55 404 3
192 213 10
771 318 4
534 164 3
984 270 5
612 488 9
71 702 9
810 564 2
91 75 9
405 718 9
50 343 5
937 481 7
287 157 9
202 537 3
195 600 10
933 70 9
672 592 9
301 230 9
293 472 8
919 53 10
719 162 3
901 596 9
381 354 3
396 725 6
760 553 10
447 139 10
412 638 4
416 69 6
215 105 1
564 432 6
282 690 5
109 617 10
471 892 1
917 902 5
710 685 1
196 992 2
511 815 6
479 180 7
96 242 9
16 63 8
48 297 7
496 250 4
972 97 8
767 969 1
459 837 2
524 959 4
639 656 10
929 113 4
933 178 5
667 457 9
396 270 8
289 700 6
685 664 9
215 663 2
88 106 1
849 947 7
324 552 7
655 322 9
858 8 1
568 117 2
884 713 9
175 736 2
102 816 5
823 949 1
198 20 8
202 788 5
329 48 2
381 274 3
959 858 5
415 245 1
336 550 7
686 990 9
253 123 2
906 577 9
578 575 9
42 181 1
628 248 6
2 823 10
280 359 10
696 868 4
729 317 2
185 563 2
362 138 10
185 542 2
460 893 7
883 25 4
250 393 3
413 515 8
932 811 9
288 804 4
563 692 1
976 956 5
618 627 9
133 258 1
387 956 6
39 677 4
979 487 2
956 923 8
245 163 7
533 393 1
607 347 8
456 905 3
262 706 3
266 728 9
633 72 1
360 117 5
588 427 7
515 620 7
628 784 10
625 617 10
943 983 8
123 497 6
779 598 10
78 622 6
298 532 7
30 689 10
833 996 3
481 718 2
166 628 3
5 815 5
364 516 4
88 429 1
529 872 4
5 354 10
501 988 8
990 509 5
890 208 8
56 954 9
241 473 3
33 834 4
481 993 3
298 246 5
773 444 3
66 262 3
591 652 6
213 853 1
142 282 5
943 173 1
103 548 1
204 163 9
26 49 3
52 995 7
560 338 3
288 354 10
381 980 4
326 569 10
393 62 9
506 341 3
207 958 9
774 832 10
334 952 3
593 731 4
821 685 2
732 857 10
133 719 1
839 97 3
146 554 8
530 707 10
510 819 1
467 390 10
12 500 2
850 973 1
403 171 1
467 676 6
301 568 3
91 25 4
211 677 8
343 668 9
320 414 4
10 681 7
208 199 1
361 843 1
292 378 2
86 937 7
23 86 8
138 708 9
495 153 10
118 904 5
666 875 4
163 949 6
392 322 4
8 148 2
318 352 10
875 222 1
108 845 4
704 231 1
764 119 6
89 478 3
677 963 3
977 210 7
204 695 2
803 439 2
534 857 2
308 952 7
108 332 5
128 191 10
710 797 1
662 965 5
61 840 8
256 842 9
65 4 10
960 267 7
786 367 6
406 350 1
720 329 2
267 902 8
139 954 6
844 699 7
423 255 4
695 650 6
348 763 1
344 52 3
18 247 3
964 890 9
533 586 9
761 14 6
111 103 7
459 463 3
272 20 9
492 465 4
240 625 2
865 633 9
486 191 5
883 441 6
349 104 10
337 561 9
955 904 9
406 305 3
317 340 10
932 144 3
749 178 1
777 535 5
288 87 3
42 342 5
657 920 9
625 808 8
68 383 10
800 861 3
949 277 6
863 637 6
692 817 4
561 581 10
888 76 8
429 691 6
148 850 6
841 588 7
750 746 1
590 627 7
46 336 8
325 367 10
316 97 8
939 310 2
168 947 10
707 42 5
605 944 8
844 297 5
654 131 8
879 708 10
317 410 1
939 640 6
399 396 3
369 68 5
15 499 5
727 454 3
631 54 4
99 162 1
433 2 6
749 997 6
684 578 9
89 150 5
791 430 5
274 754 2
521 334 10
163 468 10
625 684 3
685 841 5
696 712 7
166 575 5
246 720 7
88 482 5
358 118 8
300 447 1
601 703 3
225 827 9
602 887 2
150 79 8
71 149 5
101 577 6
107 723 5
69 444 3
249 661 1
398 472 5
271 694 2
866 721 1
992 618 9
49 920 7
249 870 8
512 304 7
885 729 2
908 375 10
336 761 8
541 290 8
847 741 5
542 113 2
618 8 7
266 205 2
500 688 9
677 397 2
303 234 10
871 851 7
270 438 3
184 311 5
509 620 8
80 100 6
241 299 10
962 721 2
261 443 7
809 959 6
637 433 7
473 620 1
942 999 1
835 974 6
658 348 1
950 980 10
963 337 9
909 723 10
599 449 8
992 141 10
122 536 8
933 288 3
347 481 1
796 356 1
873 270 4
211 189 3
932 260 6
891 388 2
250 45 1
77 319 7
534 890 10
171 589 1
511 463 3
363 852 1
445 92 10
999 149 5
608 391 9
685 985 2
271 964 3
512 704 6
193 920 4
258 20 5
809 932 3
131 786 7
916 135 1
513 263 6
979 754 7
671 128 9
757 854 7
261 204 3
758 684 4
378 747 1
552 541 4
543 679 8
346 353 3
719 812 2
165 931 1
664 643 9
484 641 6
900 380 2
140 668 1
301 412 4
353 605 5
256 499 8
27 412 7
49 91 9
710 350 2
654 688 8
657 433 4
104 836 6
275 31 1
180 349 3
609 671 8
278 567 2
602 127 7
967 8 9
346 851 5
527 478 4
222 112 4
617 259 1
846 684 4
528 106 7
156 637 5
558 416 6
55 536 5
266 677 3
766 439 8
241 318 6
967 867 6
180 361 7
429 166 2
444 29 8
435 519 7
939 950 9
577 573 3
317 808 9
967 454 2
549 12 2
340 886 4
422 995 1
934 95 9
729 497 5
505 710 10
953 335 9
880 289 4
843 99 7
641 292 1
502 880 10
780 953 8
553 473 2
269 245 9
420 264 2
47 816 3
642 814 9
526 237 4
960 117 10
343 475 7
988 741 7
307 26 4
427 583 10
154 392 9
481 390 2
112 831 2
884 32 10
950 504 9
66 288 7
296 44 3
626 801 4
840 139 6
585 89 3
641 436 6
281 996 3
44 617 1
960 889 10
759 876 1
998 564 1
311 498 7
149 779 10
61 198 8
126 537 1
426 118 7
40 566 6
589 81 3
500 240 5
577 160 1
253 199 4
112 712 5
938 572 4
794 7 4
421 479 4
437 739 9
31 940 10
69 14 9
649 320 4
437 28 6
854 391 3
432 354 8
664 458 2
627 931 2
725 648 1
580 711 6
292 802 6
772 577 2
169 909 8
504 484 1
281 843 4
507 685 8
14 964 10
60 837 6
600 813 5
990 128 4
420 673 2
166 222 5
259 920 5
556 169 8
200 352 6
948 651 1
438 391 7
395 176 3
198 239 5
256 652 5
530 996 10
396 967 2
318 568 8
48 2 1
724 664 4
239 54 10
932 930 8
318 687 2
751 107 3
733 515 2
916 589 8
373 733 1
738 860 3
430 947 2
891 269 8
53 104 8
349 269 4
397 962 7
739 186 3
314 473 4
940 490 8
907 715 7
636 655 5
822 559 8
643 644 10
106 43 5
306 906 8
479 317 10
729 416 7
98 827 10
37 892 4
662 226 2
888 919 1
480 701 6
956 617 6
959 768 1
949 881 8
303 221 8
490 430 5
541 251 4
348 155 10
413 338 7
229 533 3
611 549 5
779 985 5
795 815 8
189 343 1
748 703 6
641 509 3
466 486 8
271 907 5
575 229 10
219 995 4
3 777 4
849 287 4
670 958 7
563 816 2
205 895 9
664 24 1
20 696 4
924 982 5
127 726 9
314 223 8
341 662 9
133 522 6
375 764 5
386 916 5
886 458 7
593 26 1
80 998 9
282 196 10
6 286 5
644 974 4
274 362 7
53 987 7
562 394 1
40 954 1
814 899 8
963 280 10
546 758 4
326 138 8
518 73 7
794 836 1
992 756 7
51 106 8
784 754 2
163 77 7
271 676 5
160 374 9
728 338 4
332 968 5
708 520 10
39 903 7
766 171 3
585 275 5
121 265 3
690 161 10
567 370 5
432 37 4
502 846 7
346 361 4
969 348 1
218 534 5
434 333 6
764 971 7
694 458 6
893 461 7
297 641 8
249 938 1
44 185 4
73 335 3
766 760 5
963 758 10
31 391 6
406 467 9
148 451 1
994 150 8
598 116 10
341 266 4
62 209 2
245 676 5
843 362 7
448 900 3
162 748 4
694 429 10
426 503 7
863 737 10
606 404 3
950 124 10
981 580 2
700 733 6
650 350 7
649 216 2
634 899 7
185 26 8
172 817 2
306 958 4
679 742 3
282 28 5
761 521 1
467 324 3
51 760 4
619 446 3
725 928 4
993 966 2
32 981 1
806 828 3
621 102 9
793 635 9
928 643 6
391 194 6
422 239 3
525 257 9
18 402 10
829 855 4
638 811 8
241 908 1
292 570 1
704 800 3
3 436 6
626 408 8
930 639 5
646 659 4
171 653 9
462 792 6
28 506 5
293 251 8
729 498 7
802 39 4
544 98 2
606 760 3
990 264 2
976 575 5
131 278 2
383 244 4
911 618 8
56 906 9
291 879 2
819 599 1
21 104 4
267 25 3
334 926 10
445 534 5
743 417 8
473 322 2
809 954 5
727 227 2
157 421 2
575 61 4
588 605 10
64 394 9
86 26 3
702 754 3
675 792 4
15 611 2
4 543 6
517 511 5
426 800 4
864 794 9
593 936 3
54 977 4
196 839 7
731 681 8
41 875 4
291 543 2
751 301 4
443 310 6
94 727 8
238 315 2
764 156 2
294 807 10
226 7 3
127 115 10
543 888 3
368 909 6
747 535 3
106 627 6
208 267 5
806 443 5
959 82 5
412 592 5
783 142 3
298 857 10
174 463 10
463 964 6
625 290 6
522 901 10
431 282 10
735 11 7
146 49 8
455 302 2
427 937 3
947 576 7
614 817 7
668 168 7
552 526 9
269 359 1
410 209 4
566 891 6
315 394 6
369 315 10
102 170 3
448 425 5
480 275 3
224 845 5
32 552 3
980 532 8
153 512 7
344 536 7
377 953 4
339 25 8
454 352 8
217 584 2
919 316 6
288 901 1
712 204 3
622 415 5
342 718 6
780 657 1
594 156 9
640 54 3
878 251 4
965 976 7
557 107 2
568 249 2
734 608 4
16 490 1
388 612 9
640 562 5
329 760 5
941 23 1
347 572 2
747 865 6
496 961 2
981 535 8
288 568 6
222 15 8
797 730 6
982 168 2
91 829 5
348 461 7
951 645 9
29 302 7
659 522 10
318 570 8
748 723 4
635 480 10
389 84 4
558 111 8
44 58 7
71 948 9
850 152 9
614 722 2
961 195 6
365 242 4
579 93 4
93 210 5
262 37 6
61 841 4
225 23 10
108 158 2
733 656 7
731 251 5
949 776 7
42 324 7
340 907 8
896 476 8
747 859 9
414 181 6
671 384 7
333 564 6
998 914 7
579 186 4
342 698 7
783 846 9
885 638 1
303 361 5
592 572 6
987 900 5
473 398 7
43 836 4
825 902 3
425 524 3
791 40 6
421 353 4
74 118 1
760 804 3
207 578 8
620 826 3
244 215 3
951 805 2
519 245 10
840 779 10
190 35 4
743 986 2
425 726 2
704 326 2
665 909 5
579 23 1
644 609 2
523 278 8
397 945 7
866 0 3
411 291 8
535 964 3
682 772 2
810 893 5
370 124 10
465 224 4
206 885 1
127 16 5
446 967 6
374 221 10
294 830 7
478 377 2
677 478 10
937 741 7
808 270 5
522 617 7
88 349 4
652 527 9
761 519 9
624 380 9
568 678 6
526 156 6
234 251 9
962 936 2
235 40 9
358 578 1
135 441 9
771 387 10
181 853 3
731 55 7
451 194 9
522 729 5
147 884 8
959 99 4
732 444 4
445 459 7
485 952 4
987 88 7
931 617 9
3 198 3
85 232 6
778 989 10
420 894 5
128 696 4
989 364 5
158 692 8
348 71 10
281 77 5
324 456 6
589 413 7
840 300 8
460 972 7
779 755 9
983 86 10
910 737 3
797 485 6
343 498 7
0 134 5
772 813 4
730 472 4
505 847 5
546 397 7
429 180 7
231 835 3
219 298 2
111 62 1
520 565 7
223 304 9
591 849 4
945 281 3
989 668 7
788 587 1
650 389 4
491 722 3
908 834 1
679 858 7
4 247 9
523 244 4
608 232 9
747 774 2
916 850 10
811 96 10
126 349 10
864 669 5
747 465 7
458 113 4
540 318 3
879 531 1
582 793 1
154 125 2
891 322 1
461 906 7
706 663 3
576 731 10
882 310 9
564 312 6
789 78 3
766 964 4
482 229 1
468 651 8
20 894 6
848 710 5
205 536 8
2 701 2
790 32 9
735 531 7
336 324 4
946 170 5
274 9 8
631 71 5
75 743 10
435 589 5
338 723 1
879 683 7
176 468 1
292 188 9
733 545 7
666 753 2
608 622 4
452 5 5
528 640 9
849 428 6
697 392 6
787 856 10
338 837 8
989 730 4
852 333 7
908 950 5
807 880 3
826 529 1
274 543 1
617 143 5
78 465 10
298 901 7
456 975 5
833 749 1
364 211 3
879 273 8
584 67 3
238 90 7
739 196 4
0 668 4
182 635 7
826 866 1
104 470 1
511 808 6
982 461 6
276 997 7
206 980 2
795 145 2
757 493 9
556 76 10
866 773 7
734 29 6
625 89 2
142 198 4
41 914 3
575 517 4
446 806 5
306 171 7
164 434 10
6 818 2
413 191 1
680 478 7
846 802 6
628 1 2
591 512 3
752 594 7
762 809 5
661 539 9
242 870 10
908 646 10
480 489 9
804 421 5
903 168 2
346 884 4
969 889 7
29 989 8
792 204 8
549 728 9
424 594 8
455 380 10
417 16 3
552 867 6
843 684 5
724 728 3
896 851 7
633 428 10
647 55 2
470 745 5
334 885 2
475 863 3
182 700 8
592 837 10
668 658 5
666 401 5
995 520 9
16 932 6
643 715 3
654 771 4
940 81 3
492 602 4
938 483 2
343 522 4
136 710 8
655 326 6
636 535 5
920 187 7
499 315 6
982 927 8
751 932 7
915 534 4
967 302 10
261 404 6
965 950 5
174 975 8
474 948 9
384 291 9
135 819 9
614 6 2
189 369 2
266 85 6
929 770 2
236 3 1
359 212 8
920 123 6
988 887 5
988 482 10
984 359 5
926 173 7
675 502 3
236 983 4
307 146 3
488 881 7
811 528 7
753 436 3
264 360 10
316 162 9
776 751 8
645 939 8
407 491 10
810 387 4
270 946 3
968 362 5
951 702 5
166 627 7
508 254 1
950 524 8
277 137 1
531 950 3
25 432 8
472 577 8
828 785 5
512 778 4
62 97 10
360 151 7
891 230 9
348 820 8
696 585 8
64 325 7
40 454 2
951 372 10
138 436 7
882 644 3
865 949 2
867 922 4
192 161 6
21 50 7
800 321 1
984 336 9
989 111 10
570 334 7
346 194 8
54 555 4
859 656 9
878 162 9
41 697 8
386 74 5
791 370 2
105 120 5
738 438 10
385 396 10
448 429 3
40 503 8
305 579 8
933 665 5
583 62 1
614 729 3
385 108 8
950 599 3
502 810 3
329 365 8
259 780 1
906 789 4
492 767 10
944 966 8
891 125 3
819 549 3
195 857 2
978 779 1
800 924 3
373 841 7
837 383 3
191 246 8
503 599 5
948 341 8
781 787 5
993 53 7
935 147 4
459 27 1
562 258 6
926 836 1
206 268 4
229 879 1
784 528 6
283 758 3
523 113 6
617 771 2
678 831 6
591 813 1
149 661 4
647 547 10
865 200 5
524 952 7
677 771 7
717 280 2
216 685 3
142 95 3
790 117 8
434 162 2
279 819 2
924 941 8
486 930 7
417 382 9
252 725 7
892 486 8
218 930 9
548 20 7
800 487 5
693 208 5
337 203 1
192 498 8
831 683 5
413 998 6
737 274 7
630 944 10
382 583 4
126 788 8
821 323 2
430 103 6
252 421 8
617 426 5
469 700 2
487 721 9
936 795 9
227 835 8
55 968 1
687 797 5
357 852 10
276 619 4
485 556 8
797 486 10
942 865 7
830 653 7
698 417 7
169 603 7
288 306 5
434 310 2
613 532 7
40 75 10
242 97 7
695 818 1
295 649 8
962 905 6
266 657 8
756 512 2
779 391 6
845 706 5
490 605 7
121 10 1
448 182 8
677 964 10
72 600 9
653 434 8
26 735 8
688 218 5
89 787 1
227 543 10
411 166 9
793 755 10
679 921 10
199 899 4
368 474 5
819 191 5
160 979 4
588 299 9
962 540 5
838 639 7
293 676 4
351 159 1
273 595 6
220 880 7
970 192 2
476 551 7
673 511 9
272 417 3
873 892 5
650 740 3
587 726 4
771 286 3
594 39 1
729 997 5
956 452 2
621 80 7
179 640 3
222 616 4
953 485 5
616 811 10
539 957 7
181 537 9
997 77 1
793 254 6
281 90 8
283 546 4
699 879 10
682 219 7
838 246 3
7 74 6
613 705 4
273 531 9
824 840 3
455 383 8
374 634 5
761 845 8
830 133 3
641 306 8
916 545 9
585 304 4
83 141 9
720 112 10
279 428 7
555 924 7
57 425 5
891 363 1
131 627 8
110 373 2
480 862 4
150 207 1
912 247 6
556 453 9
774 690 1
17 498 5
25 565 2
875 876 1
742 368 6
144 236 2
287 893 10
618 472 8
942 772 7
571 136 6
559 692 4
532 167 9
730 672 8
271 727 10
151 903 4
532 689 3
519 396 3
496 907 10
21 517 2
386 973 2
678 669 10
236 365 6
60 967 1
551 674 5
693 743 9
862 469 5
34 319 7
981 830 9
101 501 10
20 339 6
998 20 2
594 652 6
395 752 5
675 396 5
199 869 2
892 38 5
239 816 8
963 670 2
155 285 9
681 582 2
640 272 5
512 440 9
42 468 9
418 654 1
389 404 1
63 635 1
585 841 7
22 603 3
665 865 2
452 400 6
339 49 4
437 913 1
927 459 4
341 507 8
153 67 4
726 267 9
461 756 4
420 382 4
79 703 8
882 233 4
168 635 2
48 82 10
671 491 3
566 799 7
805 48 4
97 116 5
455 230 4
98 459 8
354 962 9
358 898 2
403 527 10
754 261 6
536 886 1
910 290 9
58 403 1
253 398 7
969 268 6
555 842 6
95 2 3
631 741 4
10 778 1
699 963 10
491 214 9
597 71 7
821 127 4
51 572 5
292 881 4
211 583 3
871 776 6
639 682 7
737 551 9
384 28 5
553 564 4
752 209 9
438 180 4
670 593 9
457 374 6
644 914 7
605 226 7
858 125 5
327 496 8
230 918 5
580 56 2
374 387 1
873 334 6
387 572 8
271 794 6
563 59 10
425 142 3
660 800 2
746 516 2
64 140 6
253 440 10
436 416 8
168 626 1
377 366 10
173 479 10
630 135 4
702 984 3
48 897 8
598 417 9
287 271 3
785 309 10
170 447 4
739 450 4
379 999 1
206 415 3
4 653 2
892 518 8
25 723 9
439 26 10
316 860 10
275 337 1
591 365 6
420 7 1
973 208 2
894 362 2
996 794 5
907 319 7
842 994 3
848 889 4
724 828 6
747 494 4
185 560 1
503 149 8
9 421 3
993 618 5
146 528 7
323 506 2
608 325 9
294 556 6
422 526 6
352 251 5
88 438 1
184 395 9
947 493 7
36 315 1
430 28 8
